idx,og Index,data (B),bandwidth (GB/s)
0,2,8192,1.3266396761133603
1,3,8192,1.3128205128205128
2,4,8192,1.3195876288659794
3,5,8192,1.2307692307692308
4,6,8192,1.024
5,7,8192,1.3264248704663213
6,8,8192,1.3061224489795917
7,9,8192,1.3333333333333333
8,10,8192,1.3128205128205128
9,11,8192,1.3195876288659794
10,12,8192,1.3264248704663213
11,13,8192,1.3061224489795917
12,14,8192,1.3128205128205128
13,15,8192,1.3333333333333333
14,16,8192,1.3403141361256545
15,17,8192,1.3400948797644365
16,18,8192,1.3264248704663213
17,19,8192,1.0533624791050533
18,24,8192,1.3835500760006756
19,25,8192,1.3264248704663213
20,26,8192,1.3195876288659794
21,27,8192,1.3403141361256545
22,28,8192,1.3264248704663213
23,29,8192,1.3264248704663213
24,30,8192,1.3128205128205128
25,31,8192,1.3128205128205128
26,32,8192,1.3333333333333333
27,33,8192,1.326210134369435
28,34,8192,1.3264248704663213
29,35,8192,1.3403141361256545
30,36,8192,1.3128205128205128
31,37,8192,1.3128205128205128
32,38,8192,1.2864321608040201
33,39,8192,1.2307692307692308
34,40,8192,1.3264248704663213
35,41,8192,1.3193751006603318
36,42,8192,1.3193751006603318
37,43,8192,1.3195876288659794
38,44,8192,1.2862301774218872
39,45,8192,1.2864321608040201
40,46,8192,1.3195876288659794
41,47,8192,1.3193751006603318
42,48,8192,1.3128205128205128
43,49,8192,1.2927252643206564
44,50,8192,1.3193751006603318
45,51,8192,1.2673267326732673
46,56,8192,1.3128205128205128
47,57,8192,1.3195876288659794
48,58,8192,1.3333333333333333
49,59,8192,0.797430156721503
50,60,8192,1.28
51,61,8192,1.292929292929293
52,62,8192,1.3128205128205128
53,63,8192,1.3195876288659794
54,64,8192,1.3195876288659794
55,65,8192,1.2549019607843137
56,66,8192,1.2610837438423645
57,67,8192,1.3264248704663213
58,68,8192,1.3264248704663213
59,69,8192,1.3264248704663213
60,70,8192,1.3264248704663213
61,71,8192,1.3128205128205128
62,72,8192,1.3128205128205128
63,73,8192,1.3264248704663213
64,74,8192,1.3195876288659794
65,75,8192,1.3333333333333333
66,76,8192,1.3264248704663213
67,77,8192,1.3193751006603318
68,78,8192,1.3128205128205128
69,79,8192,1.3333333333333333
70,80,8192,1.312610158628425
71,81,8192,1.3264248704663213
72,82,8192,1.3061224489795917
73,83,8192,1.1130434782608696
74,88,8192,1.3333333333333333
75,90,8192,0.9411764705882353
76,91,8192,1.4065934065934067
77,92,8192,1.299492385786802
78,93,8192,1.3264248704663213
79,94,8192,1.3195876288659794
80,95,8192,1.3333333333333333
81,96,8192,1.3128205128205128
82,97,8192,1.3195876288659794
83,98,8192,1.3195876288659794
84,99,8192,1.3264248704663213
85,100,8192,1.3061224489795917
86,101,8192,1.3128205128205128
87,102,8192,1.3128205128205128
88,103,8192,1.0756302521008403
89,104,8192,1.3195876288659794
90,105,8192,1.3195876288659794
91,106,8192,1.3333333333333333
92,107,8192,1.3264248704663213
93,108,8192,1.299492385786802
94,109,8192,1.3266396761133603
95,110,8192,1.3264248704663213
96,111,8192,1.299492385786802
97,112,8192,1.3193751006603318
98,113,8192,1.28
99,114,8192,1.326210134369435
100,115,8192,1.3333333333333333
101,120,8192,1.28
102,121,8192,0.9552238805970149
103,122,8192,1.2673267326732673
104,123,8192,1.3195876288659794
105,124,8192,1.3264248704663213
106,125,8192,1.3195876288659794
107,126,8192,1.3333333333333333
108,127,8192,1.299492385786802
109,128,8192,1.3333333333333333
110,129,8192,1.3264248704663213
111,130,8192,1.391304347826087
112,131,8192,1.3333333333333333
113,132,8192,1.326210134369435
114,133,8192,1.3128205128205128
115,134,8192,1.3264248704663213
116,135,8192,1.3195876288659794
117,136,8192,1.3333333333333333
118,137,8192,1.3061224489795917
119,138,8192,1.3473684210526315
120,139,8192,1.3264248704663213
121,140,8192,1.3264248704663213
122,141,8192,1.2864321608040201
123,142,8192,1.3264248704663213
124,143,8192,1.326210134369435
125,144,8192,1.3195876288659794
126,145,8192,1.3195876288659794
127,146,8192,1.3264248704663213
128,147,8192,1.3128205128205128
129,152,8192,1.3128205128205128
130,153,8192,1.3264248704663213
131,154,8192,1.3195876288659794
132,155,8192,1.3128205128205128
133,156,8192,1.3128205128205128
134,157,8192,1.3195876288659794
135,158,8192,1.3264248704663213
136,159,8192,1.3333333333333333
137,160,8192,1.024
138,161,8192,0.8797250859106529
139,162,8192,1.3264248704663213
140,163,8192,1.2927252643206564
141,164,8192,1.3195876288659794
142,165,8192,1.3264248704663213
143,166,8192,1.3059142356129443
144,167,8192,1.3061224489795917
145,168,8192,1.3264248704663213
146,169,8192,1.3264248704663213
147,170,8192,1.299492385786802
148,171,8192,1.3195876288659794
149,172,8192,1.3264248704663213
150,173,8192,1.3061224489795917
151,174,8192,1.1906976744186046
152,175,8192,1.1179039301310043
153,176,8192,1.3195876288659794
154,177,8192,1.3061224489795917
155,178,8192,1.3128205128205128
156,179,8192,1.3195876288659794
157,184,8192,1.2864321608040201
158,185,8192,1.3193751006603318
159,186,8192,1.3195876288659794
160,187,8192,1.299492385786802
161,188,8192,1.3128205128205128
162,189,8192,1.326210134369435
163,190,8192,1.3195876288659794
164,191,8192,1.3195876288659794
165,192,8192,1.3264248704663213
166,193,8192,1.3195876288659794
167,194,8192,1.292929292929293
168,195,8192,1.3198002255517964
169,196,8192,1.3264248704663213
170,197,8192,1.3264248704663213
171,198,8192,1.3195876288659794
172,199,8192,1.3264248704663213
173,200,8192,1.312610158628425
174,201,8192,0.8366013071895425
175,202,8192,1.3333333333333333
176,203,8192,1.3128205128205128
177,204,8192,1.3193751006603318
178,205,8192,1.3264248704663213
179,206,8192,1.3333333333333333
180,207,8192,1.3403141361256545
181,208,8192,1.3198002255517964
182,209,8192,1.3264248704663213
183,210,8192,1.2864321608040201
184,211,8192,1.3128205128205128
185,216,8192,1.2864321608040201
186,217,8192,1.3198002255517964
187,218,8192,1.3333333333333333
188,219,8192,1.3264248704663213
189,220,8192,1.3061224489795917
190,221,8192,1.3403141361256545
191,222,8192,1.292929292929293
192,223,8192,1.3059142356129443
193,224,8192,1.3195876288659794
194,225,8192,1.3264248704663213
195,226,8192,1.2610837438423645
196,227,8192,1.3333333333333333
197,228,8192,1.28
198,229,8192,1.3264248704663213
199,230,8192,1.3195876288659794
200,231,8192,1.3128205128205128
201,232,8192,1.312610158628425
202,233,8192,1.3061224489795917
203,234,8192,1.3195876288659794
204,235,8192,1.3331163547599674
205,240,8192,1.3264248704663213
206,241,8192,1.3128205128205128
207,242,8192,1.3128205128205128
208,243,8192,1.3128205128205128
209,248,8192,1.3195876288659794
210,249,8192,1.3128205128205128
211,250,8192,1.312610158628425
212,251,8192,1.3264248704663213
213,252,8192,1.299492385786802
214,253,8192,1.326210134369435
215,254,8192,1.3061224489795917
216,255,8192,1.3195876288659794
217,256,8192,1.3333333333333333
218,257,8192,1.3128205128205128
219,258,8192,1.2736318407960199
220,259,8192,1.3266396761133603
221,260,8192,1.3264248704663213
222,261,8192,1.326210134369435
223,262,8192,1.3264248704663213
224,263,8192,1.3195876288659794
225,264,8192,1.326210134369435
226,265,8192,1.3195876288659794
227,266,8192,1.3061224489795917
228,267,8192,1.3333333333333333
229,268,8192,1.0578512396694215
230,269,8192,1.3128205128205128
231,270,8192,1.3128205128205128
232,271,8192,1.3333333333333333
233,272,8192,1.3333333333333333
234,273,8192,1.3264248704663213
235,274,8192,1.3403141361256545
236,275,8192,1.3128205128205128
237,280,8192,1.3195876288659794
238,281,8192,1.2190476190476192
239,282,8192,1.3763440860215055
240,283,8192,1.3264248704663213
241,284,8192,1.326210134369435
242,285,8192,1.3333333333333333
243,286,8192,1.3195876288659794
244,287,8192,1.2248803827751196
245,288,8192,1.326210134369435
246,289,8192,0.8338762214983714
247,290,8192,1.326210134369435
248,291,8192,1.3333333333333333
249,292,8192,1.3061224489795917
250,293,8192,1.3195876288659794
251,294,8192,1.3333333333333333
252,295,8192,1.3264248704663213
253,296,8192,0.9110320284697508
254,297,8192,1.1179039301310043
255,298,8192,1.3266396761133603
256,299,8192,1.2427184466019416
257,300,8192,1.3128205128205128
258,301,8192,1.3195876288659794
259,302,8192,1.3264248704663213
260,303,8192,1.299492385786802
261,304,8192,1.3264248704663213
262,305,8192,1.3061224489795917
263,306,8192,1.3264248704663213
264,307,8192,0.98096036402826
265,312,8192,1.1179039301310043
266,313,8192,1.3195876288659794
267,314,8192,1.1797235023041475
268,315,8192,1.3193751006603318
269,316,8192,1.3264248704663213
270,317,8192,1.2248803827751196
271,318,8192,0.89198606271777
272,319,8192,1.326210134369435
273,320,8192,0.9961089494163424
274,321,8192,1.3195876288659794
275,322,8192,1.3195876288659794
276,323,8192,1.3264248704663213
277,324,8192,1.3264248704663213
278,325,8192,1.3128205128205128
279,326,8192,1.0709896718525298
280,327,8192,1.2307692307692308
281,328,8192,1.3333333333333333
282,329,8192,1.3195876288659794
283,330,8192,1.3195876288659794
284,331,8192,1.3193751006603318
285,332,8192,0.847682119205298
286,333,8192,1.2367149758454106
287,334,8192,1.3264248704663213
288,335,8192,1.3400948797644365
289,336,8192,1.299492385786802
290,337,8192,1.3333333333333333
291,338,8192,1.326210134369435
292,339,8192,1.0987124463519313
293,344,8192,1.0987124463519313
294,345,8192,0.810126582278481
295,346,8192,1.1083750507373833
296,347,8192,0.9446494464944649
297,348,8192,1.3333333333333333
298,349,8192,1.1636363636363636
299,350,8192,1.3193751006603318
300,351,8192,1.248780487804878
301,352,8192,1.3333333333333333
302,353,8192,1.1179039301310043
303,354,8192,1.3264248704663213
304,355,8192,1.0281124497991967
305,356,8192,1.299492385786802
306,357,8192,1.080168776371308
307,358,8192,1.3195876288659794
308,359,8192,1.2736318407960199
309,360,8192,1.3264248704663213
310,361,8192,1.1743119266055047
311,362,8192,1.0491803278688525
312,363,8192,1.062240663900415
313,364,8192,1.3061224489795917
314,365,8192,1.3264248704663213
315,366,8192,1.3266396761133603
316,367,8192,1.3264248704663213
317,368,8192,1.3128205128205128
318,369,8192,1.3128205128205128
319,370,8192,1.1851851851851851
320,371,8192,1.2736318407960199
321,376,8192,1.3195876288659794
322,377,8192,1.3128205128205128
323,378,8192,1.299492385786802
324,379,8192,1.2549019607843137
325,380,8192,1.147982062780269
326,381,8192,0.9696969696969697
327,382,8192,1.3128205128205128
328,383,8192,1.3128205128205128
329,384,8192,1.2864321608040201
330,385,8192,1.3264248704663213
331,386,8192,1.3128205128205128
332,387,8192,1.3264248704663213
333,388,8192,1.3061224489795917
334,389,8192,1.024
335,390,8192,1.3061224489795917
336,391,8192,1.0533624791050533
337,392,8192,1.3195876288659794
338,393,8192,1.2673267326732673
339,394,8192,1.3195876288659794
340,395,8192,1.3195876288659794
341,396,8192,1.3617021276595744
342,397,8192,1.1962616822429906
343,398,8192,1.3264248704663213
344,399,8192,1.1478212133949839
345,400,8192,1.3128205128205128
346,401,8192,1.3195876288659794
347,402,8192,1.299492385786802
348,403,8192,1.3331163547599674
349,408,8192,1.3403141361256545
350,409,8192,1.2132701421800949
351,410,8192,1.3128205128205128
352,411,8192,1.1277533039647578
353,412,8192,1.3195876288659794
354,413,8192,1.147982062780269
355,414,8192,1.3128205128205128
356,415,8192,1.3195876288659794
357,416,8192,1.3264248704663213
358,417,8192,1.3195876288659794
359,418,8192,1.1797235023041475
360,419,8192,1.3264248704663213
361,420,8192,1.3331163547599674
362,421,8192,0.9922480620155039
363,422,8192,1.3128205128205128
364,423,8192,1.3128205128205128
365,424,8192,1.1228070175438596
366,425,8192,1.3264248704663213
367,426,8192,1.3333333333333333
368,427,8192,1.3333333333333333
369,428,8192,1.2132701421800949
370,429,8192,1.1582072670719639
371,430,8192,1.3333333333333333
372,431,8192,1.1962616822429906
373,432,8192,1.3128205128205128
374,433,8192,1.3264248704663213
375,435,8192,1.3264248704663213
376,440,8192,1.3061224489795917
377,441,8192,1.3195876288659794
378,442,8192,1.3264248704663213
379,443,8192,1.3333333333333333
380,444,8192,1.3264248704663213
381,445,8192,1.3542734336253925
382,446,8192,1.3063307287513952
383,447,8192,1.299492385786802
384,448,8192,1.3403141361256545
385,449,8192,1.2864321608040201
386,450,8192,1.3264248704663213
387,451,8192,1.3333333333333333
388,452,8192,1.3195876288659794
389,453,8192,1.299492385786802
390,454,8192,1.2610837438423645
391,455,8192,1.0407826197433616
392,456,8192,1.3128205128205128
393,457,8192,1.062240663900415
394,458,8192,1.3333333333333333
395,459,8192,1.3195876288659794
396,460,8192,1.3264248704663213
397,461,8192,1.3195876288659794
398,462,8192,1.299492385786802
399,463,8192,1.2864321608040201
400,464,8192,1.2673267326732673
401,465,8192,1.3195876288659794
402,466,8192,1.2864321608040201
403,467,8192,1.0666666666666667
404,472,8192,1.3264248704663213
405,473,8192,0.8951048951048951
406,474,8192,1.1531531531531531
407,475,8192,1.3331163547599674
408,476,8192,1.2864321608040201
409,477,8192,1.3264248704663213
410,478,8192,1.062240663900415
411,479,8192,1.3333333333333333
412,480,8192,1.299492385786802
413,481,8192,1.292929292929293
414,482,8192,1.3264248704663213
415,483,8192,1.3403141361256545
416,484,8192,1.292929292929293
417,485,8192,1.3333333333333333
418,486,8192,1.3331163547599674
419,487,8192,1.0940170940170941
420,488,8192,1.3264248704663213
421,489,8192,1.3195876288659794
422,490,8192,1.3333333333333333
423,491,8192,1.3264248704663213
424,492,8192,1.3061224489795917
425,493,8192,1.3195876288659794
426,494,8192,1.3333333333333333
427,495,8192,1.28
428,496,8192,1.299492385786802
429,497,8192,1.1582072670719639
430,498,8192,1.2862301774218872
431,499,8192,1.312610158628425
432,1472,8192,1.3195876288659794
433,1473,8192,1.3264248704663213
434,1474,8192,1.2736318407960199
435,1475,8192,1.3264248704663213
436,1476,8192,1.3061224489795917
437,1477,8192,1.3264248704663213
438,1478,8192,1.3195876288659794
439,1479,8192,0.807570977917981
440,1480,8192,1.3195876288659794
441,1481,8192,1.3195876288659794
442,1482,8192,1.3061224489795917
443,1483,8192,1.3195876288659794
444,1484,8192,1.3333333333333333
445,1485,8192,1.3264248704663213
446,1490,8192,1.3195876288659794
447,1491,8192,1.3061224489795917
448,1492,8192,1.2736318407960199
449,1493,8192,1.0364372469635628
450,1494,8192,1.3264248704663213
451,1495,8192,1.3403141361256545
452,1496,8192,1.2864321608040201
453,1497,8192,1.3195876288659794
454,1498,8192,1.312610158628425
455,1499,8192,1.3061224489795917
456,1500,8192,1.1277533039647578
457,1501,8192,1.2248803827751196
458,1502,8192,1.3128205128205128
459,1503,8192,1.103448275862069
460,1504,8192,1.3128205128205128
461,1505,8192,1.1032996632996632
462,1506,8192,1.3264248704663213
463,1507,8192,1.3264248704663213
464,1508,8192,1.3195876288659794
465,1509,8192,1.3128205128205128
466,1510,8192,1.326210134369435
467,1511,8192,1.3403141361256545
468,1513,8192,1.3128205128205128
469,1514,8192,1.3128205128205128
470,1515,8192,1.3333333333333333
471,1516,8192,1.3264248704663213
472,1517,8192,1.3128205128205128
473,1522,8192,1.3128205128205128
474,1523,8192,1.2736318407960199
475,1524,8192,1.2864321608040201
476,1525,8192,0.8561872909698997
477,1526,8192,1.3059142356129443
478,1527,8192,0.750733137829912
479,1529,8192,1.3193751006603318
480,1530,8192,1.3061224489795917
481,1531,8192,1.1179039301310043
482,1532,8192,0.8707482993197279
483,1533,8192,0.9846153846153847
484,1534,8192,1.003921568627451
485,1535,8192,1.3195876288659794
486,1536,8192,1.3333333333333333
487,1537,8192,1.0893617021276596
488,1538,8192,1.2673267326732673
489,1539,8192,1.3264248704663213
490,1540,8192,1.3195876288659794
491,1541,8192,1.0578512396694215
492,1542,8192,1.299492385786802
493,1543,8192,1.3195876288659794
494,1544,8192,1.312610158628425
495,1545,8192,1.3264248704663213
496,1546,8192,1.3333333333333333
497,1547,8192,1.3264248704663213
498,1548,8192,1.3128205128205128
499,1549,8192,1.1906976744186046
500,1554,8192,1.3333333333333333
501,1555,8192,1.28
502,1556,8192,1.3333333333333333
503,1557,8192,1.3195876288659794
504,1558,8192,1.3195876288659794
505,1559,8192,1.3333333333333333
506,1560,8192,1.3128205128205128
507,1561,8192,1.3333333333333333
508,1562,8192,1.3061224489795917
509,1563,8192,1.158371040723982
510,1564,8192,1.3333333333333333
511,1565,8192,1.3331163547599674
512,1566,8192,1.3128205128205128
513,1567,8192,1.1377777777777778
514,1568,8192,1.3195876288659794
515,1569,8192,1.3403141361256545
516,1570,8192,1.3061224489795917
517,1571,8192,1.3195876288659794
518,1572,8192,1.3264248704663213
519,1573,8192,1.3333333333333333
520,1574,8192,1.3061224489795917
521,1575,8192,1.3128205128205128
522,1576,8192,1.3333333333333333
523,1577,8192,1.3333333333333333
524,1578,8192,1.3264248704663213
525,1579,8192,1.3128205128205128
526,1580,8192,1.2736318407960199
527,1581,8192,1.3403141361256545
528,1586,8192,1.3195876288659794
529,1587,8192,1.3195876288659794
530,1589,8192,1.158371040723982
531,1590,8192,1.3264248704663213
532,1591,8192,1.3403141361256545
533,1592,8192,1.3264248704663213
534,1593,8192,1.3061224489795917
535,1595,8192,1.3403141361256545
536,1596,8192,1.3333333333333333
537,1597,8192,1.2610837438423645
538,1598,8192,1.3195876288659794
539,1599,8192,1.2866342076331083
540,1600,8192,1.3333333333333333
541,1601,8192,1.3837837837837839
542,1602,8192,1.3264248704663213
543,1603,8192,0.9110320284697508
544,1604,8192,1.3405334642448044
545,1605,8192,1.3264248704663213
546,1606,8192,1.3264248704663213
547,1607,8192,1.3195876288659794
548,1608,8192,1.3333333333333333
549,1609,8192,1.3264248704663213
550,1610,8192,1.0666666666666667
551,1611,8192,1.3063307287513952
552,1612,8192,1.292929292929293
553,1613,8192,1.3266396761133603
554,1618,8192,1.3264248704663213
555,1619,8192,1.1962616822429906
556,1622,8192,1.299492385786802
557,1623,8192,1.1743119266055047
558,1624,8192,1.299492385786802
559,1625,8192,0.7335243553008596
560,1626,8192,1.3061224489795917
561,1627,8192,1.3266396761133603
562,1628,8192,1.3128205128205128
563,1629,8192,1.3061224489795917
564,1630,8192,1.3195876288659794
565,1631,8192,0.7710843373493976
566,1632,8192,1.28
567,1633,8192,1.066527795859914
568,1634,8192,1.299492385786802
569,1635,8192,1.3333333333333333
570,1636,8192,0.9175627240143369
571,1637,8192,0.7804878048780488
572,1638,8192,1.3193751006603318
573,1639,8192,1.1377777777777778
574,1640,8192,1.312610158628425
575,1641,8192,1.2190476190476192
576,1642,8192,0.9209668353007308
577,1643,8192,1.0711297071129706
578,1645,8192,1.3061224489795917
579,1650,8192,1.3264248704663213
580,1651,8192,1.3061224489795917
581,1652,8192,1.3128205128205128
582,1653,8192,1.292929292929293
583,1654,8192,1.3264248704663213
584,1655,8192,1.3193751006603318
585,1656,8192,1.1743119266055047
586,1657,8192,1.2248803827751196
587,1658,8192,1.248780487804878
588,1659,8192,1.3128205128205128
589,1660,8192,1.3128205128205128
590,1661,8192,1.3264248704663213
591,1662,8192,1.3128205128205128
592,1663,8192,1.3195876288659794
593,1664,8192,1.3128205128205128
594,1665,8192,1.3128205128205128
595,1666,8192,1.3264248704663213
596,1667,8192,1.3333333333333333
597,1668,8192,1.3333333333333333
598,1669,8192,1.1531531531531531
599,1670,8192,1.326210134369435
600,1671,8192,1.1962616822429906
601,1672,8192,1.0987124463519313
602,1673,8192,1.3333333333333333
603,1674,8192,1.292929292929293
604,1675,8192,1.3264248704663213
605,1676,8192,1.292929292929293
606,1677,8192,1.3400948797644365
607,1682,8192,1.2017016282822355
608,1683,8192,1.292929292929293
609,1684,8192,1.3264248704663213
610,1685,8192,1.3195876288659794
611,1686,8192,1.312610158628425
612,1687,8192,0.7463556851311953
613,1689,8192,1.0491803278688525
614,1690,8192,1.28
615,1691,8192,1.0158730158730158
616,1692,8192,1.3264248704663213
617,1693,8192,1.3061224489795917
618,1694,8192,1.3333333333333333
619,1695,8192,1.3195876288659794
620,1696,8192,1.3333333333333333
621,1697,8192,1.292929292929293
622,1699,8192,1.3195876288659794
623,1700,8192,1.3264248704663213
624,1701,8192,1.3333333333333333
625,1703,8192,1.3128205128205128
626,1704,8192,0.924187725631769
627,1705,8192,1.3128205128205128
628,1707,8192,1.3264248704663213
629,1708,8192,1.28
630,1709,8192,1.3193751006603318
631,1714,8192,1.3128205128205128
632,1715,8192,1.3061224489795917
633,1716,8192,1.3061224489795917
634,1717,8192,1.3195876288659794
635,1718,8192,1.3333333333333333
636,1719,8192,1.3264248704663213
637,1720,8192,1.3195876288659794
638,1721,8192,1.2018779342723005
639,1722,8192,1.3264248704663213
640,1723,8192,1.3128205128205128
641,1724,8192,1.2864321608040201
642,1725,8192,1.3195876288659794
643,1726,8192,1.0987124463519313
644,1727,8192,0.8888888888888888
645,1728,8192,1.3195876288659794
646,1729,8192,1.3195876288659794
647,1730,8192,1.0364372469635628
648,1731,8192,0.8648648648648649
649,1732,8192,1
650,1733,8192,1.3128205128205128
651,1734,8192,1.3128205128205128
652,1735,8192,1.326210134369435
653,1736,8192,1.3195876288659794
654,1737,8192,1.3264248704663213
655,1738,8192,1.3264248704663213
656,1739,8192,1.0757715036112936
657,1740,8192,1.3264248704663213
658,1741,8192,1.3061224489795917
659,1746,8192,1.3333333333333333
660,1747,8192,1.273829886487327
661,1748,8192,1.3128205128205128
662,1749,8192,1.1906976744186046
663,1750,8192,1.3333333333333333
664,1751,8192,1.3333333333333333
665,1752,8192,1.3403141361256545
666,1753,8192,1.2992862807295797
667,1754,8192,1.299492385786802
668,1755,8192,1.0578512396694215
669,1756,8192,0.8648648648648649
670,1757,8192,1.2549019607843137
671,1758,8192,0.7596439169139466
672,1759,8192,1.3264248704663213
673,1760,8192,1.3333333333333333
674,1761,8192,1.292929292929293
675,1762,8192,1.190524633047522
676,1763,8192,0.9660377358490566
677,1764,8192,1.292929292929293
678,1765,8192,1.3195876288659794
679,1766,8192,1.2673267326732673
680,1767,8192,1.312610158628425
681,1768,8192,1.0756302521008403
682,1769,8192,1.3264248704663213
683,1770,8192,1.299492385786802
684,1771,8192,1.3195876288659794
685,1772,8192,1.3264248704663213
686,1773,8192,1.3195876288659794
687,1778,8192,1.3195876288659794
688,1779,8192,1.3128205128205128
689,1780,8192,0.7420289855072464
690,1781,8192,1.3264248704663213
691,1782,8192,1.3264248704663213
692,1783,8192,1.2427184466019416
693,1784,8192,1.3061224489795917
694,1785,8192,1.1428571428571428
695,1786,8192,1.1277533039647578
696,1787,8192,0.924187725631769
697,1788,8192,1.3195876288659794
698,1789,8192,1.1228070175438596
699,1790,8192,1.3403141361256545
700,1791,8192,1.3128205128205128
701,1792,8192,0.7231638418079096
702,1793,8192,1.3264248704663213
703,1794,8192,0.9480384214789955
704,1795,8192,1.3333333333333333
705,1796,8192,1.3333333333333333
706,1797,8192,1.3061224489795917
707,1798,8192,1.3264248704663213
708,1799,8192,1.158371040723982
709,1800,8192,1.3264248704663213
710,1801,8192,1.3333333333333333
711,1802,8192,1.0893617021276596
712,1803,8192,1.0406504065040652
713,1804,8192,1.3266396761133603
714,1805,8192,1.3061224489795917
715,1810,8192,1.3128205128205128
716,1811,8192,1.326210134369435
717,1812,8192,1.1327433628318584
718,1813,8192,1.3195876288659794
719,1815,8192,1.3264248704663213
720,1816,8192,1.3195876288659794
721,1817,8192,1.3128205128205128
722,1818,8192,1.3195876288659794
723,1819,8192,1.3264248704663213
724,1820,8192,1.0940170940170941
725,1821,8192,1.3264248704663213
726,1822,8192,1.3264248704663213
727,1823,8192,1.3128205128205128
728,1824,8192,1.3128205128205128
729,1825,8192,1.3264248704663213
730,1826,8192,1.3333333333333333
731,1827,8192,1.3403141361256545
732,1828,8192,1.28
733,1829,8192,1.326210134369435
734,1830,8192,1.3059142356129443
735,1831,8192,1.3403141361256545
736,1832,8192,1.299492385786802
737,1833,8192,1.2610837438423645
738,1834,8192,1.3061224489795917
739,1835,8192,1.3198002255517964
740,1837,8192,1.3264248704663213
741,1842,8192,1.3128205128205128
742,1843,8192,1.3128205128205128
743,1844,8192,1.3264248704663213
744,1845,8192,1.0199203187250996
745,1847,8192,1.3195876288659794
746,1848,8192,1.3264248704663213
747,1849,8192,1.3195876288659794
748,1850,8192,1.3128205128205128
749,1851,8192,1.3264248704663213
750,1852,8192,1.3195876288659794
751,1853,8192,1.032258064516129
752,1854,8192,1.3264248704663213
753,1855,8192,1.0756302521008403
754,1856,8192,1.3195876288659794
755,1857,8192,1.292929292929293
756,1858,8192,1.3195876288659794
757,1859,8192,1.326210134369435
758,1860,8192,1.3195876288659794
759,1861,8192,1.3264248704663213
760,1862,8192,1.3128205128205128
761,1863,8192,1.3264248704663213
762,1864,8192,1.3128205128205128
763,1865,8192,1.2862301774218872
764,1866,8192,1.3061224489795917
765,1867,8192,1.3128205128205128
766,1868,8192,1.1634710978554184
767,1869,8192,1.080168776371308
768,1874,8192,1.3264248704663213
769,1875,8192,1.2017016282822355
770,1876,8192,1.3128205128205128
771,1877,8192,0.9696969696969697
772,1879,8192,0.9884169884169884
773,1880,8192,1.3128205128205128
774,1881,8192,1.3400948797644365
775,1882,8192,1.3264248704663213
776,1883,8192,1.1327433628318584
777,1884,8192,1
778,1885,8192,1.3264248704663213
779,1886,8192,1.4382022471910112
780,1887,8192,1.3331163547599674
781,1888,8192,1.3333333333333333
782,1889,8192,1.3264248704663213
783,1890,8192,1.3264248704663213
784,1891,8192,1.3333333333333333
785,1892,8192,1.3193751006603318
786,1893,8192,0.9998779445868424
787,1894,8192,1.3195876288659794
788,1895,8192,1.3264248704663213
789,1896,8192,1.3333333333333333
790,1897,8192,1.3333333333333333
791,1898,8192,1.3264248704663213
792,1899,8192,1.3264248704663213
793,1900,8192,0.973384030418251
794,1901,8192,1.0847457627118644
795,1906,8192,1.292929292929293
796,1907,8192,1.3128205128205128
797,1908,8192,1.2427184466019416
798,1909,8192,1.3195876288659794
799,1910,8192,1.3128205128205128
800,1911,8192,1.1689497716894977
801,1912,8192,1.3333333333333333
802,1913,8192,1.3195876288659794
803,1914,8192,1.3195876288659794
804,1915,8192,1.1426977263216627
805,1916,8192,1.3333333333333333
806,1917,8192,1.3264248704663213
807,1918,8192,0.8827586206896552
808,1919,8192,1.299492385786802
809,1920,8192,1.299492385786802
810,1921,8192,1.3061224489795917
811,1922,8192,1.3195876288659794
812,1923,8192,1.0491803278688525
813,1924,8192,1.312610158628425
814,1925,8192,1.2307692307692308
815,1926,8192,1.2734338566765118
816,1927,8192,1.2248803827751196
817,1928,8192,1.3128205128205128
818,1929,8192,1.3195876288659794
819,1930,8192,1.3195876288659794
820,1931,8192,1.3333333333333333
821,1932,8192,1.2927252643206564
822,1933,8192,1.3333333333333333
823,1938,8192,1.3333333333333333
824,1939,8192,0.8677046922995445
825,1940,8192,1.3195876288659794
826,1941,8192,1.158371040723982
827,1942,8192,0.8504983388704319
828,1943,8192,1.0281124497991967
829,1944,8192,1.3264248704663213
830,1945,8192,1.3333333333333333
831,1947,8192,1.1743119266055047
832,1948,8192,1.3333333333333333
833,1949,8192,1.3403141361256545
834,1950,8192,1.3061224489795917
835,1951,8192,1.0491803278688525
836,1952,8192,1.3333333333333333
837,1953,8192,1.3264248704663213
838,1954,8192,1.3193751006603318
839,1955,8192,0.7314285714285714
840,1957,8192,1.0078740157480315
841,1958,8192,1.3195876288659794
842,1959,8192,1.2132701421800949
843,1960,8192,1.326210134369435
844,1961,8192,1.2132701421800949
845,1962,8192,1.3333333333333333
846,1963,8192,0.9141836848566008
847,1964,8192,1.3333333333333333
848,1965,8192,1.3264248704663213
849,1970,8192,1.3195876288659794
850,1971,8192,1.3195876288659794
851,1972,8192,1.066527795859914
852,1973,8192,1.3128205128205128
853,2508,8192,1.3403141361256545
854,2509,8192,1.326210134369435
855,2510,8192,1.0448979591836736
856,2511,8192,1.112892270072001
857,2512,8192,1.3264248704663213
858,2513,8192,1.1689497716894977
859,2514,8192,1.299492385786802
860,2515,8192,1.3128205128205128
861,2516,8192,1.3264248704663213
862,2517,8192,0.9770992366412213
863,2518,8192,1.3128205128205128
864,2519,8192,1.3128205128205128
865,2520,8192,1.2736318407960199
866,2521,8192,1.3128205128205128
867,2522,8192,1.024
868,2523,8192,1.2367149758454106
869,2524,8192,1.2864321608040201
870,2525,8192,1.2190476190476192
871,2526,8192,1.2549019607843137
872,2527,8192,1.3061224489795917
873,2528,8192,1.0847457627118644
874,2529,8192,1.1277533039647578
875,2530,8192,1.103448275862069
876,2531,8192,1.292929292929293
877,2536,8192,1.3195876288659794
878,2537,8192,1.3128205128205128
879,2538,8192,0.7596439169139466
880,2539,8192,1.1797235023041475
881,2540,8192,1.3264248704663213
882,2541,8192,1.0666666666666667
883,2542,8192,1.326210134369435
884,2543,8192,1.299492385786802
885,2544,8192,1.3195876288659794
886,2545,8192,1.3264248704663213
887,2546,8192,1.292929292929293
888,2547,8192,1.3195876288659794
889,2548,8192,0.9961089494163424
890,2549,8192,1.3763440860215055
891,2550,8192,1.3333333333333333
892,2551,8192,1.0491803278688525
893,2552,8192,1.158371040723982
894,2553,8192,0.8858131487889274
895,2554,8192,1.3264248704663213
896,2555,8192,1.3128205128205128
897,2556,8192,1.312610158628425
898,2557,8192,1.3128205128205128
899,2558,8192,1.2132701421800949
900,2559,8192,1.3333333333333333
901,2560,8192,0.8767123287671232
902,2561,8192,1.3061224489795917
903,2562,8192,0.8767123287671232
904,2563,8192,0.6844919786096256
905,2568,8192,1.3061224489795917
906,2569,8192,1.0757715036112936
907,2570,8192,1.3333333333333333
908,2571,8192,1.3264248704663213
909,2572,8192,1.299492385786802
910,2573,8192,1.2931333859510654
911,2574,8192,1.2549019607843137
912,2575,8192,1.3195876288659794
913,2576,8192,1.3333333333333333
914,2577,8192,1.020047316647989
915,2578,8192,1.5900621118012421
916,2579,8192,1.2673267326732673
917,2580,8192,1.326210134369435
918,2581,8192,1.2673267326732673
919,2582,8192,0.9732683854104788
920,2583,8192,1.3195876288659794
921,2584,8192,1.3333333333333333
922,2585,8192,1.3195876288659794
923,2586,8192,0.973384030418251
924,2587,8192,1.0158730158730158
925,2589,8192,1.3128205128205128
926,2590,8192,0.8448844884488449
927,2591,8192,1.3195876288659794
928,2592,8192,1.3331163547599674
929,2593,8192,1.1377777777777778
930,2594,8192,1.0800263678312458
931,2595,8192,1.3333333333333333
932,2600,8192,1.2307692307692308
933,2601,8192,1.3195876288659794
934,2602,8192,1.3266396761133603
935,2603,8192,0.9045936395759717
936,2604,8192,1.2736318407960199
937,2605,8192,1
938,2606,8192,1.299492385786802
939,2607,8192,1.2190476190476192
940,2608,8192,1.3266396761133603
941,2609,8192,1.3333333333333333
942,2610,8192,1.3059142356129443
943,2611,8192,1.3061224489795917
944,2613,8192,0.764179104477612
945,2614,8192,1.3195876288659794
946,2615,8192,1.3333333333333333
947,2616,8192,1.3195876288659794
948,2617,8192,0.8205128205128205
949,2618,8192,1.28
950,2619,8192,1.3195876288659794
951,2620,8192,0.9343065693430657
952,2621,8192,1.3264248704663213
953,2622,8192,0.9175627240143369
954,2623,8192,1.1797235023041475
955,2624,8192,1.3264248704663213
956,2625,8192,0.9078014184397163
957,2626,8192,0.9411764705882353
958,2627,8192,1.3195876288659794
959,2632,8192,1.3128205128205128
960,2633,8192,1.3195876288659794
961,2634,8192,1.3195876288659794
962,2635,8192,1.299492385786802
963,2636,8192,0.901309274947739
964,2637,8192,1.299492385786802
965,2638,8192,1.3195876288659794
966,2639,8192,0.8589703260983538
967,2640,8192,0.9109307238963639
968,2641,8192,1.3195876288659794
969,2642,8192,0.9377289377289377
970,2643,8192,1.3264248704663213
971,2644,8192,1.3195876288659794
972,2645,8192,1.3128205128205128
973,2646,8192,1.3333333333333333
974,2647,8192,1.326210134369435
975,2648,8192,1.3195876288659794
976,2649,8192,1.2367149758454106
977,2650,8192,1.3403141361256545
978,2651,8192,1.3061224489795917
979,2652,8192,1.3128205128205128
980,2653,8192,1.3403141361256545
981,2654,8192,1.3195876288659794
982,2655,8192,1.3264248704663213
983,2656,8192,1.3063307287513952
984,2657,8192,1.3473684210526315
985,2658,8192,1.4065934065934067
986,2659,8192,1.3198002255517964
987,2664,8192,1.3128205128205128
988,2665,8192,1.3061224489795917
989,2666,8192,1.3403141361256545
990,2667,8192,0.8858131487889274
991,2668,8192,1.3264248704663213
992,2669,8192,1.3128205128205128
993,2670,8192,1.3198002255517964
994,2671,8192,1.312610158628425
995,2672,8192,1.3333333333333333
996,2673,8192,1.292929292929293
997,2674,8192,1.312610158628425
998,2675,8192,0.7925696594427245
999,2677,8192,1.273829886487327
1000,2678,8192,1.7066666666666668
1001,2679,8192,1.3264248704663213
1002,2681,8192,1.3264248704663213
1003,2682,8192,1.3264248704663213
1004,2683,8192,1.1277533039647578
1005,2684,8192,1.158371040723982
1006,2685,8192,1.248780487804878
1007,2687,8192,1.3195876288659794
1008,2688,8192,1.326210134369435
1009,2689,8192,1.2736318407960199
1010,2690,8192,1.3193751006603318
1011,2691,8192,1.326210134369435
1012,2696,8192,1.3128205128205128
1013,2697,8192,1.2673267326732673
1014,2698,8192,1.3128205128205128
1015,2699,8192,1.3195876288659794
1016,2700,8192,1.3195876288659794
1017,2701,8192,0.8619528619528619
1018,2702,8192,1.3333333333333333
1019,2703,8192,1.2549019607843137
1020,2705,8192,0.9882977439980697
1021,2706,8192,1.3061224489795917
1022,2708,8192,0.7529411764705882
1023,2709,8192,1.2305843473035902
1024,2710,8192,1.299492385786802
1025,2711,8192,1.1582072670719639
1026,2712,8192,1.326210134369435
1027,2713,8192,1.312610158628425
1028,2714,8192,1.3403141361256545
1029,2715,8192,1.3061224489795917
1030,2716,8192,1.292929292929293
1031,2717,8192,1.3264248704663213
1032,2718,8192,1.3264248704663213
1033,2719,8192,1.3195876288659794
1034,2720,8192,1.3195876288659794
1035,2721,8192,1.3264248704663213
1036,2722,8192,1.3264248704663213
1037,2723,8192,0.9622929637025726
1038,2729,8192,1.3061224489795917
1039,2730,8192,1.3333333333333333
1040,2731,8192,0.8366013071895425
1041,2733,8192,1.3195876288659794
1042,2734,8192,1.3195876288659794
1043,2735,8192,1.3195876288659794
1044,2736,8192,1.3128205128205128
1045,2737,8192,1.3264248704663213
1046,2738,8192,1.3195876288659794
1047,2739,8192,1.3195876288659794
1048,2740,8192,1.3128205128205128
1049,2741,8192,1.3128205128205128
1050,2742,8192,1.3195876288659794
1051,2743,8192,1.3264248704663213
1052,2744,8192,1.3128205128205128
1053,2745,8192,0.8533333333333334
1054,2746,8192,1.3195876288659794
1055,2747,8192,1.2307692307692308
1056,2748,8192,1.4301675977653632
1057,2749,8192,1.3061224489795917
1058,2750,8192,1.3128205128205128
1059,2751,8192,1.3264248704663213
1060,2752,8192,1.3128205128205128
1061,2753,8192,1.3128205128205128
1062,2754,8192,1.3128205128205128
1063,2755,8192,1.3195876288659794
1064,2760,8192,1.3128205128205128
1065,2761,8192,1.312610158628425
1066,2762,8192,1.3195876288659794
1067,2763,8192,0.9343065693430657
1068,2764,8192,1.3128205128205128
1069,2765,8192,1.1636363636363636
1070,2766,8192,1.1228070175438596
1071,2767,8192,1.299492385786802
1072,2768,8192,1.1741436147341264
1073,2769,8192,1.3195876288659794
1074,2770,8192,1.2427184466019416
1075,2771,8192,1.1082251082251082
1076,2772,8192,1.3195876288659794
1077,2773,8192,1.3128205128205128
1078,2774,8192,1.3195876288659794
1079,2775,8192,1.2367149758454106
1080,2776,8192,1.3198002255517964
1081,2777,8192,1.3128205128205128
1082,2778,8192,1.3264248704663213
1083,2779,8192,1.3128205128205128
1084,2780,8192,1.3061224489795917
1085,2781,8192,1.0756302521008403
1086,2782,8192,1.3128205128205128
1087,2783,8192,1.3128205128205128
1088,2784,8192,1.3061224489795917
1089,2785,8192,1.0666666666666667
1090,2786,8192,1.3195876288659794
1091,2787,8192,1.299492385786802
1092,2792,8192,1.3195876288659794
1093,2793,8192,0.8590604026845637
1094,2794,8192,0.7686966313221357
1095,2795,8192,0.6826666666666666
1096,2796,8192,1.3193751006603318
1097,2797,8192,1.1082251082251082
1098,2798,8192,1.3264248704663213
1099,2799,8192,1.3264248704663213
1100,2800,8192,1.3128205128205128
1101,2801,8192,0.9110320284697508
1102,2802,8192,0.9588014981273408
1103,2803,8192,1.3264248704663213
1104,2804,8192,1.3331163547599674
1105,2805,8192,1.3333333333333333
1106,2806,8192,1.292929292929293
1107,2807,8192,1.3195876288659794
1108,2808,8192,1.3264248704663213
1109,2809,8192,1.3264248704663213
1110,2810,8192,1.3193751006603318
1111,2811,8192,0.895007101496777
1112,2812,8192,1.3195876288659794
1113,2813,8192,1.3264248704663213
1114,2814,8192,1.3195876288659794
1115,2815,8192,1.326210134369435
1116,2816,8192,1.299492385786802
1117,2817,8192,1.3128205128205128
1118,2818,8192,1.3193751006603318
1119,2819,8192,1.1636363636363636
1120,2824,8192,1.3264248704663213
1121,2825,8192,1.3264248704663213
1122,2826,8192,1.523526129812163
1123,2827,8192,1.3128205128205128
1124,2828,8192,1.3195876288659794
1125,2829,8192,1.3264248704663213
1126,2830,8192,1.3264248704663213
1127,2831,8192,1.3059142356129443
1128,2832,8192,1.3128205128205128
1129,2833,8192,1.1906976744186046
1130,2834,8192,1.292929292929293
1131,2835,8192,1.0666666666666667
1132,2836,8192,1.0666666666666667
1133,2837,8192,1.3264248704663213
1134,2838,8192,1.3266396761133603
1135,2839,8192,1.0078740157480315
1136,2840,8192,1.1228070175438596
1137,2841,8192,1.3333333333333333
1138,2842,8192,1.292929292929293
1139,2843,8192,1.3264248704663213
1140,2844,8192,1.3403141361256545
1141,2845,8192,1.3128205128205128
1142,2846,8192,1.3059142356129443
1143,2847,8192,1.3195876288659794
1144,2848,8192,1.3333333333333333
1145,2849,8192,1.3264248704663213
1146,2850,8192,1.2736318407960199
1147,2851,8192,1.3331163547599674
1148,2856,8192,1.3128205128205128
1149,2857,8192,1.3198002255517964
1150,2858,8192,1.3264248704663213
1151,2859,8192,0.8231511254019293
1152,2860,8192,1.3061224489795917
1153,2861,8192,1.3264248704663213
1154,2862,8192,1.3333333333333333
1155,2863,8192,1.3128205128205128
1156,2864,8192,1.3128205128205128
1157,2865,8192,1.3195876288659794
1158,2866,8192,1.3333333333333333
1159,2867,8192,1.2673267326732673
1160,2868,8192,1.299492385786802
1161,2869,8192,1.3264248704663213
1162,2870,8192,1.3128205128205128
1163,2871,8192,1.3195876288659794
1164,2873,8192,1.3333333333333333
1165,2874,8192,1.3128205128205128
1166,2875,8192,1.326210134369435
1167,2876,8192,1.3264248704663213
1168,2877,8192,1.3264248704663213
1169,2878,8192,1.3195876288659794
1170,2879,8192,1.2864321608040201
1171,2880,8192,1.2427184466019416
1172,2881,8192,1.3195876288659794
1173,2882,8192,1.3061224489795917
1174,2883,8192,1.0197933524212623
1175,2888,8192,1.326210134369435
1176,2889,8192,1.2927252643206564
1177,2890,8192,1.3264248704663213
1178,2891,8192,1.3264248704663213
1179,2892,8192,1.3128205128205128
1180,2893,8192,1.3266396761133603
1181,2894,8192,1.3333333333333333
1182,2895,8192,1.292929292929293
1183,2896,8192,1.3193751006603318
1184,2897,8192,1.3128205128205128
1185,2898,8192,1.292929292929293
1186,2899,8192,1.3264248704663213
1187,2900,8192,1.2075471698113207
1188,2901,8192,1.3195876288659794
1189,2902,8192,1.2075471698113207
1190,2903,8192,1.0158730158730158
1191,2904,8192,1.3193751006603318
1192,2905,8192,1.3128205128205128
1193,2906,8192,1.3195876288659794
1194,2907,8192,1.3195876288659794
1195,2908,8192,1.3061224489795917
1196,2909,8192,1.299492385786802
1197,2910,8192,1.3264248704663213
1198,2911,8192,1.3195876288659794
1199,2912,8192,1.3193751006603318
1200,2913,8192,1.3264248704663213
1201,2914,8192,1.4222222222222223
1202,2915,8192,1.3193751006603318
1203,2920,8192,1.3195876288659794
1204,2921,8192,1.3128205128205128
1205,2922,8192,1.3333333333333333
1206,2923,8192,1.3195876288659794
1207,2924,8192,1.3195876288659794
1208,2926,8192,1.3405334642448044
1209,2927,8192,1.292929292929293
1210,2928,8192,1.3264248704663213
1211,2929,8192,1.0893617021276596
1212,2930,8192,1.2736318407960199
1213,2931,8192,1.3128205128205128
1214,2932,8192,1.3331163547599674
1215,2933,8192,1.3195876288659794
1216,2934,8192,0.8677966101694915
1217,2935,8192,0.9142857142857143
1218,2936,8192,1.4222222222222223
1219,2937,8192,1.3128205128205128
1220,2938,8192,1.3195876288659794
1221,2939,8192,1.2864321608040201
1222,2940,8192,1.299492385786802
1223,2941,8192,1.3264248704663213
1224,2942,8192,1.3195876288659794
1225,2943,8192,1.3264248704663213
1226,2944,8192,1.3128205128205128
1227,2945,8192,1.3195876288659794
1228,2946,8192,1.3264248704663213
1229,2947,8192,1.292929292929293
1230,2952,8192,1.3061224489795917
1231,2953,8192,1.3128205128205128
1232,2954,8192,1.299492385786802
1233,2955,8192,1.2931333859510654
1234,2956,8192,1.2549019607843137
1235,2957,8192,0.8767123287671232
1236,2958,8192,1.326210134369435
1237,2959,8192,0.7111111111111111
1238,2960,8192,1.3195876288659794
1239,2961,8192,1.3128205128205128
1240,2962,8192,1.3128205128205128
1241,2963,8192,1.3128205128205128
1242,2964,8192,1.3128205128205128
1243,2965,8192,1.3128205128205128
1244,2966,8192,1.3128205128205128
1245,2967,8192,1.3061224489795917
1246,2968,8192,1.3403141361256545
1247,2969,8192,1.3264248704663213
1248,2970,8192,0.8736269595819558
1249,2971,8192,0.807570977917981
1250,2972,8192,1.3195876288659794
1251,2973,8192,1.28
1252,2974,8192,1.326210134369435
1253,2975,8192,1.1277533039647578
1254,2976,8192,0.7975077881619937
1255,2977,8192,1.2864321608040201
1256,2978,8192,1.4545454545454546
1257,2979,8192,0.8797250859106529
1258,2984,8192,1.3061224489795917
1259,2985,8192,1.299492385786802
1260,2986,8192,1.4065934065934067
1261,2987,8192,1.3333333333333333
1262,2988,8192,1.326210134369435
1263,2989,8192,1.3195876288659794
1264,2990,8192,1.3128205128205128
1265,2991,8192,1.1851851851851851
1266,2992,8192,1.299492385786802
1267,2993,8192,1.3403141361256545
1268,2994,8192,1.2864321608040201
1269,2995,8192,1.3333333333333333
1270,2996,8192,1.3403141361256545
1271,2997,8192,1.3264248704663213
1272,2998,8192,1.28
1273,2999,8192,1.326210134369435
1274,3000,8192,1.3333333333333333
1275,3001,8192,1.3333333333333333
1276,3002,8192,1.3473684210526315
1277,3003,8192,1.299492385786802
1278,3005,8192,1.3195876288659794
1279,3006,8192,1.326210134369435
1280,3007,8192,0.7619047619047619
1281,3008,8192,0.8025078369905956
1282,3009,8192,1.0078740157480315
1283,3010,8192,1.299492385786802
1284,3011,8192,1.3128205128205128
1285,3016,8192,1.3264248704663213
1286,3017,8192,1.3333333333333333
1287,3018,8192,1.2610837438423645
1288,3019,8192,1.158371040723982
1289,3020,8192,1.3195876288659794
1290,3021,8192,1.3128205128205128
1291,3023,8192,1.0157470551766894
1292,3024,8192,1.3264248704663213
1293,3025,8192,1.3333333333333333
1294,3026,8192,1.4065934065934067
1295,3027,8192,1.1478212133949839
1296,3028,8192,1.3128205128205128
1297,3029,8192,0.9846153846153847
1298,3030,8192,1.3128205128205128
1299,3031,8192,1.2673267326732673
1300,3032,8192,1.3128205128205128
1301,3033,8192,1.0711297071129706
1302,3034,8192,1.3195876288659794
1303,3035,8192,1.3264248704663213
1304,3036,8192,1.3128205128205128
1305,3037,8192,0.7924929863596788
1306,3038,8192,1.3195876288659794
1307,3039,8192,1.3128205128205128
1308,3040,8192,1.3128205128205128
1309,3041,8192,1.3128205128205128
1310,4090,8192,1.2992862807295797
1311,4091,8192,0.9808429118773946
1312,4092,8192,1.0199203187250996
1313,4093,8192,1.0847457627118644
1314,4094,8192,1.3264248704663213
1315,4095,8192,1.147982062780269
1316,4096,8192,1.299492385786802
1317,4097,8192,1.3195876288659794
1318,4098,8192,1.3128205128205128
1319,4099,8192,1.3195876288659794
1320,4100,8192,1.3403141361256545
1321,4101,8192,1.003921568627451
1322,4102,8192,1.3264248704663213
1323,4103,8192,1.2190476190476192
1324,4108,8192,1.3333333333333333
1325,4109,8192,1.1130434782608696
1326,4110,8192,1.0578512396694215
1327,4111,8192,0.8025078369905956
1328,4112,8192,1.3195876288659794
1329,4113,8192,1.2248803827751196
1330,4114,8192,1.3061224489795917
1331,4115,8192,1.0534979423868314
1332,4116,8192,1.3195876288659794
1333,4117,8192,1.1428571428571428
1334,4119,8192,1.299492385786802
1335,4120,8192,1.3195876288659794
1336,4121,8192,1.3333333333333333
1337,4122,8192,1.3403141361256545
1338,4123,8192,1.3264248704663213
1339,4124,8192,1.3128205128205128
1340,4125,8192,0.8421052631578947
1341,4126,8192,1.3331163547599674
1342,4127,8192,1.3264248704663213
1343,4128,8192,1.3195876288659794
1344,4129,8192,1.3193751006603318
1345,4130,8192,1.3544973544973544
1346,4131,8192,1.3333333333333333
1347,4132,8192,1.292929292929293
1348,4133,8192,1.1377777777777778
1349,4134,8192,1.3128205128205128
1350,4135,8192,1.299492385786802
1351,4140,8192,1.3264248704663213
1352,4141,8192,1.3128205128205128
1353,4142,8192,1.3333333333333333
1354,4143,8192,1.3264248704663213
1355,4144,8192,1.3128205128205128
1356,4145,8192,1.3333333333333333
1357,4146,8192,1.299492385786802
1358,4147,8192,1.326210134369435
1359,4148,8192,1.326210134369435
1360,4149,8192,1.1130434782608696
1361,4151,8192,1.3193751006603318
1362,4152,8192,1.3195876288659794
1363,4153,8192,1.292929292929293
1364,4154,8192,1.158371040723982
1365,4155,8192,1.312610158628425
1366,4157,8192,1.3195876288659794
1367,4158,8192,1.326210134369435
1368,4159,8192,1.19608702000292
1369,4161,8192,1.3128205128205128
1370,4162,8192,1.3195876288659794
1371,4163,8192,1.1743119266055047
1372,4164,8192,1.3333333333333333
1373,4165,8192,1.3195876288659794
1374,4166,8192,1.3128205128205128
1375,4167,8192,1.3333333333333333
1376,4172,8192,1.3061224489795917
1377,4173,8192,0.8858131487889274
1378,4175,8192,0.9884169884169884
1379,4176,8192,1.3195876288659794
1380,4177,8192,1.3195876288659794
1381,4178,8192,1.3128205128205128
1382,4179,8192,1.3331163547599674
1383,4180,8192,1.3264248704663213
1384,4181,8192,0.8475944128297982
1385,4182,8192,1.299492385786802
1386,4183,8192,1.3128205128205128
1387,4184,8192,1.3193751006603318
1388,4185,8192,1.3195876288659794
1389,4186,8192,1.2610837438423645
1390,4187,8192,1.2864321608040201
1391,4188,8192,1.3193751006603318
1392,4189,8192,0.9884169884169884
1393,4190,8192,1.3264248704663213
1394,4191,8192,1.0534979423868314
1395,4192,8192,1.3333333333333333
1396,4193,8192,0.7950310559006211
1397,4194,8192,0.9516728624535316
1398,4195,8192,1.28
1399,4196,8192,1.3264248704663213
1400,4197,8192,1.1743119266055047
1401,4198,8192,1.3195876288659794
1402,4199,8192,0.7150837988826816
1403,4204,8192,1.3264248704663213
1404,4205,8192,1.3264248704663213
1405,4206,8192,1.3195876288659794
1406,4207,8192,1.2549019607843137
1407,4208,8192,1.3128205128205128
1408,4209,8192,1.3195876288659794
1409,4210,8192,1.1636363636363636
1410,4211,8192,0.9588014981273408
1411,4212,8192,1.3195876288659794
1412,4213,8192,1.326210134369435
1413,4214,8192,1.3264248704663213
1414,4215,8192,1.312610158628425
1415,4216,8192,1.4382022471910112
1416,4217,8192,1.3059142356129443
1417,4218,8192,1.3264248704663213
1418,4219,8192,1.0406504065040652
1419,4220,8192,1.3264248704663213
1420,4221,8192,1.3264248704663213
1421,4222,8192,1.3264248704663213
1422,4223,8192,1.3061224489795917
1423,4224,8192,1.3059142356129443
1424,4225,8192,1.2864321608040201
1425,4226,8192,1.3333333333333333
1426,4227,8192,1.3264248704663213
1427,4228,8192,1.3195876288659794
1428,4229,8192,1.3198002255517964
1429,4230,8192,1.292929292929293
1430,4231,8192,1.299492385786802
1431,4236,8192,1.3128205128205128
1432,4237,8192,1.248780487804878
1433,4238,8192,1.3264248704663213
1434,4239,8192,1.326210134369435
1435,4240,8192,1.3333333333333333
1436,4241,8192,1.3195876288659794
1437,4242,8192,1.2248803827751196
1438,4243,8192,1.3128205128205128
1439,4244,8192,1.3195876288659794
1440,4245,8192,1.3266396761133603
1441,4246,8192,1.3128205128205128
1442,4247,8192,1.3195876288659794
1443,4248,8192,1.3061224489795917
1444,4249,8192,0.9343065693430657
1445,4250,8192,1.3061224489795917
1446,4251,8192,1.2864321608040201
1447,4253,8192,1.3264248704663213
1448,4254,8192,0.8707482993197279
1449,4255,8192,1.3061224489795917
1450,4256,8192,1.3264248704663213
1451,4257,8192,0.9808429118773946
1452,4258,8192,1.3333333333333333
1453,4259,8192,1.2862301774218872
1454,4260,8192,1.2864321608040201
1455,4261,8192,1.1179039301310043
1456,4262,8192,1.28
1457,4263,8192,1.3195876288659794
1458,4269,8192,1.3193751006603318
1459,4270,8192,1.3264248704663213
1460,4271,8192,1.3128205128205128
1461,4272,8192,1.3195876288659794
1462,4273,8192,1.3333333333333333
1463,4274,8192,1.3403141361256545
1464,4275,8192,1.3128205128205128
1465,4276,8192,1.3195876288659794
1466,4277,8192,1.1906976744186046
1467,4278,8192,1.3333333333333333
1468,4279,8192,1.3195876288659794
1469,4280,8192,1.3264248704663213
1470,4281,8192,1.292929292929293
1471,4282,8192,1.2736318407960199
1472,4283,8192,1.0893617021276596
1473,4284,8192,1.3264248704663213
1474,4285,8192,1.0491803278688525
1475,4286,8192,1.3333333333333333
1476,4287,8192,1.3264248704663213
1477,4288,8192,0.8648648648648649
1478,4289,8192,1.1428571428571428
1479,4290,8192,1.3403141361256545
1480,4291,8192,1.080168776371308
1481,4292,8192,1.3264248704663213
1482,4293,8192,1.3264248704663213
1483,4294,8192,1.3264248704663213
1484,4295,8192,1.3128205128205128
1485,4300,8192,1.3128205128205128
1486,4301,8192,1.3128205128205128
1487,4302,8192,1.2132701421800949
1488,4303,8192,1.2931333859510654
1489,4304,8192,1.3195876288659794
1490,4305,8192,1.3333333333333333
1491,4306,8192,1.3195876288659794
1492,4307,8192,1.3264248704663213
1493,4308,8192,1.3128205128205128
1494,4309,8192,1.2190476190476192
1495,4311,8192,1.3061224489795917
1496,4312,8192,1.3195876288659794
1497,4313,8192,1.3061224489795917
1498,4314,8192,1.3198002255517964
1499,4315,8192,1.3333333333333333
1500,4316,8192,1.3059142356129443
1501,4317,8192,1.3195876288659794
1502,4318,8192,1.3195876288659794
1503,4319,8192,1.3059142356129443
1504,4321,8192,1.3128205128205128
1505,4322,8192,1.3266396761133603
1506,4323,8192,1.3333333333333333
1507,4324,8192,1.3128205128205128
1508,4325,8192,1.1377777777777778
1509,4326,8192,1.3061224489795917
1510,4327,8192,1.3061224489795917
1511,4332,8192,1.3264248704663213
1512,4333,8192,1.3059142356129443
1513,4334,8192,1.3333333333333333
1514,4335,8192,1.3195876288659794
1515,4336,8192,1.3128205128205128
1516,4337,8192,1.2248803827751196
1517,4338,8192,1.3195876288659794
1518,4339,8192,1.3128205128205128
1519,4340,8192,1.292929292929293
1520,4341,8192,1.3059142356129443
1521,4342,8192,1.3128205128205128
1522,4343,8192,1.3403141361256545
1523,4344,8192,1.5421686746987953
1524,4345,8192,1.3333333333333333
1525,4346,8192,1.3061224489795917
1526,4347,8192,1.3264248704663213
1527,4348,8192,1.3128205128205128
1528,4349,8192,1.0756302521008403
1529,4350,8192,1.3195876288659794
1530,4351,8192,1.326210134369435
1531,4353,8192,1.3264248704663213
1532,4354,8192,1.3061224489795917
1533,4355,8192,1.3128205128205128
1534,4356,8192,1.3195876288659794
1535,4357,8192,1.3128205128205128
1536,4358,8192,1.2864321608040201
1537,4359,8192,1.3195876288659794
1538,4364,8192,1.3061224489795917
1539,4365,8192,1.3264248704663213
1540,4366,8192,1.3264248704663213
1541,4367,8192,1.3195876288659794
1542,4368,8192,1.3128205128205128
1543,4369,8192,1.3195876288659794
1544,4370,8192,1.3333333333333333
1545,4371,8192,1.3264248704663213
1546,4372,8192,1.3266396761133603
1547,4373,8192,1.3128205128205128
1548,4374,8192,1.3193751006603318
1549,4375,8192,1.3403141361256545
1550,4376,8192,1.2864321608040201
1551,4377,8192,1.3128205128205128
1552,4379,8192,1.3195876288659794
1553,4380,8192,1.3264248704663213
1554,4381,8192,1.3264248704663213
1555,4382,8192,1.3128205128205128
1556,4383,8192,0.8888888888888888
1557,4384,8192,1.299492385786802
1558,4385,8192,1.3264248704663213
1559,4387,8192,1.3264248704663213
1560,4388,8192,1.3198002255517964
1561,4389,8192,1.3195876288659794
1562,4390,8192,1.3264248704663213
1563,4391,8192,1.299492385786802
1564,4396,8192,1.3195876288659794
1565,4397,8192,1.3400948797644365
1566,4398,8192,1.3195876288659794
1567,4399,8192,1.3195876288659794
1568,4400,8192,1.3195876288659794
1569,4401,8192,1.248780487804878
1570,4402,8192,1.3264248704663213
1571,4403,8192,0.9077008310249307
1572,4404,8192,1.3195876288659794
1573,4405,8192,1.062240663900415
1574,4407,8192,1.3264248704663213
1575,4408,8192,1.3128205128205128
1576,4409,8192,1.3193751006603318
1577,4410,8192,0.8532444537027393
1578,4411,8192,1.3264248704663213
1579,4412,8192,1.299492385786802
1580,4413,8192,1.3333333333333333
1581,4414,8192,1.3333333333333333
1582,4415,8192,1.3264248704663213
1583,4417,8192,1.3195876288659794
1584,4418,8192,1.3264248704663213
1585,4419,8192,1.3333333333333333
1586,4421,8192,1.3264248704663213
1587,4422,8192,1.3264248704663213
1588,4423,8192,1.2367149758454106
1589,4429,8192,1.3128205128205128
1590,4430,8192,0.8337913486005089
1591,4431,8192,1.326210134369435
1592,4432,8192,1.2736318407960199
1593,4433,8192,1.3195876288659794
1594,4434,8192,1.3266396761133603
1595,4435,8192,1.3128205128205128
1596,4436,8192,1.292929292929293
1597,4437,8192,1.3333333333333333
1598,4439,8192,1.3264248704663213
1599,4440,8192,1.3264248704663213
1600,4441,8192,1.2307692307692308
1601,4442,8192,1.3128205128205128
1602,4443,8192,1.3128205128205128
1603,4444,8192,1.3061224489795917
1604,4445,8192,0.7619047619047619
1605,4446,8192,1.7066666666666668
1606,4447,8192,1.3195876288659794
1607,4448,8192,1.3195876288659794
1608,4449,8192,1.3333333333333333
1609,4450,8192,1.3195876288659794
1610,4451,8192,1.2864321608040201
1611,4452,8192,1.3264248704663213
1612,4453,8192,1.3264248704663213
1613,4454,8192,1.3195876288659794
1614,4455,8192,1.3061224489795917
1615,4460,8192,1.312610158628425
1616,4461,8192,1.3198002255517964
1617,4462,8192,1.0893617021276596
1618,4463,8192,1.2367149758454106
1619,4464,8192,1.3128205128205128
1620,4465,8192,1.3193751006603318
1621,4466,8192,1.3195876288659794
1622,4467,8192,1.3264248704663213
1623,4468,8192,1.0847457627118644
1624,4469,8192,1.3128205128205128
1625,4470,8192,1.3333333333333333
1626,4471,8192,0.7485380116959064
1627,4472,8192,1.312610158628425
1628,4473,8192,1.3264248704663213
1629,4475,8192,0.7924929863596788
1630,4476,8192,1.1582072670719639
1631,4477,8192,0.757396449704142
1632,4478,8192,1.3193751006603318
1633,4479,8192,1.1689497716894977
1634,4480,8192,1.2547097564711287
1635,4481,8192,1.3195876288659794
1636,4482,8192,1.2864321608040201
1637,4483,8192,1.3128205128205128
1638,4484,8192,1.3264248704663213
1639,4485,8192,1.3264248704663213
1640,4486,8192,1.3061224489795917
1641,4487,8192,1.3061224489795917
1642,4492,8192,1.3128205128205128
1643,4493,8192,1.3061224489795917
1644,4494,8192,1.3333333333333333
1645,4495,8192,1.3264248704663213
1646,4496,8192,0.9998779445868424
1647,4497,8192,1.3264248704663213
1648,4499,8192,1.3061224489795917
1649,4500,8192,1.3264248704663213
1650,4501,8192,1.248780487804878
1651,4502,8192,1.326210134369435
1652,4503,8192,1.2190476190476192
1653,4504,8192,1.3193751006603318
1654,4505,8192,0.7463556851311953
1655,4507,8192,0.8590604026845637
1656,4508,8192,0.882663506087706
1657,4509,8192,1.2190476190476192
1658,4510,8192,1.1851851851851851
1659,4511,8192,0.89198606271777
1660,4512,8192,0.8590604026845637
1661,4513,8192,1.158371040723982
1662,4514,8192,1.3266396761133603
1663,4515,8192,1.3333333333333333
1664,4516,8192,1.3195876288659794
1665,4517,8192,1.28
1666,4518,8192,1.3333333333333333
1667,4519,8192,1.3195876288659794
1668,4524,8192,1.312610158628425
1669,4525,8192,1.299492385786802
1670,4527,8192,0.9660377358490566
1671,4528,8192,1.3195876288659794
1672,4529,8192,1.3264248704663213
1673,4530,8192,1.326210134369435
1674,4531,8192,1.3195876288659794
1675,4532,8192,1.3128205128205128
1676,4533,8192,0.9045936395759717
1677,4534,8192,1.292929292929293
1678,4535,8192,1.3128205128205128
1679,4536,8192,1.3195876288659794
1680,4537,8192,1.3473684210526315
1681,4538,8192,1.3195876288659794
1682,4539,8192,1.3195876288659794
1683,4540,8192,1.7414965986394557
1684,4541,8192,1.3333333333333333
1685,4542,8192,1.299492385786802
1686,4543,8192,1.2190476190476192
1687,4544,8192,1.292929292929293
1688,4545,8192,1.0118577075098814
1689,4546,8192,1.3264248704663213
1690,4547,8192,1.3128205128205128
1691,4548,8192,1.0711297071129706
1692,4549,8192,1.326210134369435
1693,4550,8192,1.3128205128205128
1694,4551,8192,1.3128205128205128
1695,4556,8192,1.3128205128205128
1696,4557,8192,1.3128205128205128
1697,4558,8192,1.3195876288659794
1698,4559,8192,1.326210134369435
1699,4560,8192,1.326210134369435
1700,4561,8192,0.8074913750616067
1701,4562,8192,1.3198002255517964
1702,4563,8192,0.8050314465408805
1703,4564,8192,0.8533333333333334
1704,4565,8192,1.3333333333333333
1705,4567,8192,0.920863309352518
1706,4568,8192,1.292929292929293
1707,4569,8192,1.3333333333333333
1708,4570,8192,1.3128205128205128
1709,4571,8192,1.326210134369435
1710,4572,8192,1.3403141361256545
1711,4573,8192,1.2248803827751196
1712,4574,8192,1.292929292929293
1713,4575,8192,1.299492385786802
1714,4577,8192,0.8205128205128205
1715,4578,8192,1.1741436147341264
1716,4579,8192,1.3837837837837839
1717,4580,8192,1.2547097564711287
1718,4581,8192,1.3195876288659794
1719,4582,8192,1.3403141361256545
1720,4583,8192,1.3266396761133603
1721,4588,8192,1.3128205128205128
1722,4589,8192,1.3333333333333333
1723,4590,8192,1.3989071038251366
1724,4591,8192,0.8338762214983714
1725,4592,8192,1.3195876288659794
1726,4593,8192,1.3059142356129443
1727,4595,8192,1.2736318407960199
1728,4596,8192,1.4222222222222223
1729,4597,8192,1.158534860698628
1730,4598,8192,1.3264248704663213
1731,4599,8192,1.3264248704663213
1732,4601,8192,1.3061224489795917
1733,4602,8192,1.4301675977653632
1734,4603,8192,1.3195876288659794
1735,4605,8192,1.292929292929293
1736,4606,8192,1.4141204902468496
1737,4607,8192,1.1743119266055047
1738,4608,8192,1.3264248704663213
1739,4609,8192,1.3061224489795917
1740,4610,8192,1.312610158628425
1741,4611,8192,1.3403141361256545
1742,4612,8192,1.3195876288659794
1743,4613,8192,1.3264248704663213
1744,4614,8192,1.3333333333333333
1745,4615,8192,1.3128205128205128
1746,4620,8192,1.4222222222222223
1747,5122,8192,1.3403141361256545
1748,5123,8192,1.3333333333333333
1749,5128,8192,1.3195876288659794
1750,5129,8192,1.2427184466019416
1751,5130,8192,1.3195876288659794
1752,5131,8192,1.3195876288659794
1753,5132,8192,1.3128205128205128
1754,5133,8192,1.3059142356129443
1755,5134,8192,0.7377521613832853
1756,5135,8192,1.3195876288659794
1757,5136,8192,0.9624060150375939
1758,5137,8192,1.080168776371308
1759,5138,8192,1.2992862807295797
1760,5139,8192,0.8311688311688312
1761,5140,8192,1.3128205128205128
1762,5141,8192,1.3195876288659794
1763,5142,8192,1.3061224489795917
1764,5143,8192,1.1430166038788894
1765,5144,8192,1.3195876288659794
1766,5145,8192,0.9922480620155039
1767,5146,8192,1.3128205128205128
1768,5147,8192,1.1226531451281347
1769,5149,8192,1.299492385786802
1770,5150,8192,1.3195876288659794
1771,5151,8192,1.3264248704663213
1772,5152,8192,0.8421052631578947
1773,5153,8192,1.3128205128205128
1774,5154,8192,1.299492385786802
1775,5155,8192,1.3333333333333333
1776,5160,8192,1.292929292929293
1777,5161,8192,1.3063307287513952
1778,5162,8192,1.3264248704663213
1779,5163,8192,1.3195876288659794
1780,5164,8192,1.3264248704663213
1781,5165,8192,1.3195876288659794
1782,5166,8192,1.3061224489795917
1783,5167,8192,1.299492385786802
1784,5168,8192,1.3400948797644365
1785,5169,8192,1.3264248704663213
1786,5170,8192,1.3128205128205128
1787,5171,8192,1.3198002255517964
1788,5172,8192,1.3333333333333333
1789,5173,8192,1.3333333333333333
1790,5174,8192,1.3128205128205128
1791,5175,8192,1.3128205128205128
1792,5176,8192,1.3333333333333333
1793,5177,8192,1.3264248704663213
1794,5178,8192,1.3128205128205128
1795,5179,8192,1.3195876288659794
1796,5180,8192,1.3333333333333333
1797,5181,8192,1.3059142356129443
1798,5182,8192,1.3264248704663213
1799,5183,8192,1.1743119266055047
1800,5185,8192,1.3403141361256545
1801,5187,8192,1.3195876288659794
1802,5192,8192,1.3264248704663213
1803,5193,8192,1.3195876288659794
1804,5194,8192,1.3195876288659794
1805,5195,8192,1.3061224489795917
1806,5196,8192,1.312610158628425
1807,5197,8192,1.3403141361256545
1808,5198,8192,1.326210134369435
1809,5199,8192,1.312610158628425
1810,5200,8192,1.3128205128205128
1811,5201,8192,1.3264248704663213
1812,5202,8192,1.3333333333333333
1813,5203,8192,1.0893617021276596
1814,5205,8192,1.3128205128205128
1815,5206,8192,1.3128205128205128
1816,5207,8192,1.3333333333333333
1817,5208,8192,1.3264248704663213
1818,5209,8192,1.3689839572192513
1819,5210,8192,1.326210134369435
1820,5211,8192,1.3059142356129443
1821,5212,8192,1.3059142356129443
1822,5213,8192,1.3403141361256545
1823,5214,8192,1.3195876288659794
1824,5215,8192,1.248780487804878
1825,5216,8192,1.3128205128205128
1826,5217,8192,1.3264248704663213
1827,5218,8192,1.3403141361256545
1828,5219,8192,1.3061224489795917
1829,5224,8192,1.3195876288659794
1830,5225,8192,1.147982062780269
1831,5226,8192,1.3264248704663213
1832,5227,8192,0.7664670658682635
1833,5228,8192,1.3333333333333333
1834,5229,8192,1.0847457627118644
1835,5230,8192,1.3128205128205128
1836,5231,8192,1.248780487804878
1837,5232,8192,1.248780487804878
1838,5233,8192,1.3837837837837839
1839,5234,8192,1.2864321608040201
1840,5235,8192,1.1743119266055047
1841,5236,8192,1.3264248704663213
1842,5237,8192,1.3333333333333333
1843,5238,8192,1.3264248704663213
1844,5239,8192,1.3128205128205128
1845,5240,8192,1.3128205128205128
1846,5241,8192,1.3128205128205128
1847,5242,8192,1.3333333333333333
1848,5243,8192,1.3128205128205128
1849,5244,8192,1.3195876288659794
1850,5245,8192,1.2549019607843137
1851,5246,8192,1.3333333333333333
1852,5247,8192,1.2427184466019416
1853,5248,8192,1.0364372469635628
1854,5249,8192,1.2425299560139542
1855,5250,8192,1.3333333333333333
1856,5251,8192,1.2188662401428358
1857,5257,8192,1.3128205128205128
1858,5258,8192,1.3403141361256545
1859,5259,8192,0.9446494464944649
1860,5260,8192,1.3331163547599674
1861,5261,8192,1.2190476190476192
1862,5262,8192,1.3264248704663213
1863,5263,8192,1.3264248704663213
1864,5264,8192,1.3333333333333333
1865,5265,8192,1.3333333333333333
1866,5266,8192,1.3333333333333333
1867,5267,8192,1.3195876288659794
1868,5268,8192,1.1962616822429906
1869,5269,8192,1.3128205128205128
1870,5270,8192,1.003921568627451
1871,5271,8192,1.3264248704663213
1872,5272,8192,1.3331163547599674
1873,5273,8192,1.3195876288659794
1874,5275,8192,1.3195876288659794
1875,5276,8192,0.8677966101694915
1876,5277,8192,1.1689497716894977
1877,5278,8192,1.3333333333333333
1878,5279,8192,1.2018779342723005
1879,5280,8192,1.1906976744186046
1880,5281,8192,1.1743119266055047
1881,5282,8192,1.2307692307692308
1882,5283,8192,1.3195876288659794
1883,5288,8192,1.3128205128205128
1884,5289,8192,1.1853566777600926
1885,5290,8192,1.446072374227714
1886,5291,8192,1.3195876288659794
1887,5292,8192,1.3061224489795917
1888,5293,8192,1.2075471698113207
1889,5294,8192,0.8365158786888593
1890,5295,8192,1.1327433628318584
1891,5296,8192,1.2018779342723005
1892,5297,8192,1.2018779342723005
1893,5298,8192,1.3061224489795917
1894,5299,8192,1.292929292929293
1895,5300,8192,1.3193751006603318
1896,5301,8192,1.3195876288659794
1897,5302,8192,1.299492385786802
1898,5303,8192,1.3264248704663213
1899,5304,8192,1.3128205128205128
1900,5305,8192,1.3061224489795917
1901,5306,8192,1.3195876288659794
1902,5307,8192,1.326210134369435
1903,5308,8192,1.3059142356129443
1904,5309,8192,1.299492385786802
1905,5310,8192,1.3195876288659794
1906,5311,8192,1.0490459725957229
1907,5312,8192,1.3128205128205128
1908,5313,8192,0.9884169884169884
1909,5314,8192,0.973384030418251
1910,5315,8192,1.3195876288659794
1911,5320,8192,1.3264248704663213
1912,5321,8192,1.3195876288659794
1913,5322,8192,1.3195876288659794
1914,5323,8192,1.3195876288659794
1915,5324,8192,1.1689497716894977
1916,5325,8192,1.3195876288659794
1917,5326,8192,0.9808429118773946
1918,5327,8192,1.1851851851851851
1919,5328,8192,1.299492385786802
1920,5329,8192,0.7272727272727273
1921,5330,8192,1.3264248704663213
1922,5331,8192,1.0846021448431087
1923,5332,8192,1.3195876288659794
1924,5333,8192,0.810126582278481
1925,5334,8192,1.299492385786802
1926,5335,8192,1.3264248704663213
1927,5336,8192,1.024
1928,5337,8192,1.1582072670719639
1929,5338,8192,1.326210134369435
1930,5339,8192,0.9014084507042254
1931,5340,8192,1.3061224489795917
1932,5341,8192,1.3195876288659794
1933,5342,8192,1.299492385786802
1934,5343,8192,1.3128205128205128
1935,5344,8192,1.3195876288659794
1936,5345,8192,1.0711297071129706
1937,5346,8192,0.7551622418879056
1938,5347,8192,1.0406504065040652
1939,5352,8192,1.3061224489795917
1940,5353,8192,1.0987124463519313
1941,5354,8192,1.3063307287513952
1942,5355,8192,1.2018779342723005
1943,5356,8192,1.1228070175438596
1944,5357,8192,1.3193751006603318
1945,5358,8192,1.299492385786802
1946,5359,8192,1.3333333333333333
1947,5360,8192,1.2305843473035902
1948,5361,8192,1.3195876288659794
1949,5362,8192,1.1377777777777778
1950,5363,8192,1.3061224489795917
1951,5364,8192,1.3403141361256545
1952,5365,8192,1.2075471698113207
1953,5366,8192,1.3128205128205128
1954,5367,8192,0.8421052631578947
1955,5368,8192,1.3195876288659794
1956,5369,8192,0.9884169884169884
1957,5370,8192,1.0940170940170941
1958,5371,8192,1.2864321608040201
1959,5372,8192,1.2248803827751196
1960,5373,8192,1.3333333333333333
1961,5374,8192,1.3195876288659794
1962,5375,8192,1.3128205128205128
1963,5376,8192,1.3264248704663213
1964,5377,8192,1.3195876288659794
1965,5378,8192,0.9377289377289377
1966,5379,8192,0.8533333333333334
1967,5384,8192,1.2429069943862843
1968,5385,8192,1.032258064516129
1969,5386,8192,1.28
1970,5387,8192,1.3195876288659794
1971,5388,8192,1.292929292929293
1972,5389,8192,1.326210134369435
1973,5390,8192,1.3333333333333333
1974,5391,8192,1.3128205128205128
1975,5392,8192,1.19608702000292
1976,5393,8192,1.3061224489795917
1977,5394,8192,1.2307692307692308
1978,5395,8192,1.3264248704663213
1979,5396,8192,1.3264248704663213
1980,5397,8192,1.1795536357091432
1981,5398,8192,1.3333333333333333
1982,5399,8192,1.2549019607843137
1983,5400,8192,1.3195876288659794
1984,5401,8192,1.1179039301310043
1985,5402,8192,0.9624060150375939
1986,5403,8192,1.3331163547599674
1987,5404,8192,0.8337913486005089
1988,5405,8192,1.3264248704663213
1989,5406,8192,1.326210134369435
1990,5407,8192,1.0448979591836736
1991,5408,8192,1.158371040723982
1992,5409,8192,1.3061224489795917
1993,5410,8192,1.2864321608040201
1994,5411,8192,1.3264248704663213
1995,5416,8192,1.1906976744186046
1996,5417,8192,1.3128205128205128
1997,5418,8192,1.3195876288659794
1998,5419,8192,1.3264248704663213
1999,5420,8192,1.3128205128205128
2000,5421,8192,1.1277533039647578
2001,5422,8192,1.326210134369435
2002,5423,8192,1.1082251082251082
2003,5424,8192,1.2190476190476192
2004,5425,8192,1.3333333333333333
2005,5426,8192,1.326210134369435
2006,5427,8192,1.1743119266055047
2007,5428,8192,1.3128205128205128
2008,5429,8192,1.2427184466019416
2009,5430,8192,1.3128205128205128
2010,5431,8192,1.2017016282822355
2011,5432,8192,1.062240663900415
2012,5433,8192,1.2736318407960199
2013,5434,8192,1.080168776371308
2014,5435,8192,1.1851851851851851
2015,5436,8192,1.103448275862069
2016,5437,8192,1.3195876288659794
2017,5438,8192,1.3128205128205128
2018,5439,8192,1.032258064516129
2019,5440,8192,1.3128205128205128
2020,5441,8192,1.3264248704663213
2021,5442,8192,1.3264248704663213
2022,5443,8192,1.3128205128205128
2023,5448,8192,1.2610837438423645
2024,5449,8192,1.2132701421800949
2025,5450,8192,1.299492385786802
2026,5451,8192,1.2864321608040201
2027,5452,8192,1.3195876288659794
2028,5453,8192,1.292929292929293
2029,5454,8192,1.1082251082251082
2030,5455,8192,1.3264248704663213
2031,5456,8192,0.9410683515221138
2032,5457,8192,1.3061224489795917
2033,5458,8192,0.8231511254019293
2034,5459,8192,1.3198002255517964
2035,5460,8192,1.158371040723982
2036,5461,8192,1.1962616822429906
2037,5462,8192,1.3333333333333333
2038,5463,8192,1.3264248704663213
2039,5464,8192,1.2931333859510654
2040,5465,8192,1.2307692307692308
2041,5466,8192,1.2864321608040201
2042,5467,8192,1.3264248704663213
2043,5468,8192,1.3128205128205128
2044,5469,8192,1.3195876288659794
2045,5470,8192,1.3264248704663213
2046,5471,8192,1.2927252643206564
2047,5472,8192,1.3264248704663213
2048,5473,8192,1.3195876288659794
2049,5474,8192,1.1428571428571428
2050,5475,8192,1.3128205128205128
2051,5480,8192,1.3059142356129443
2052,5481,8192,1.1962616822429906
2053,5482,8192,1.1636363636363636
2054,5483,8192,1.2864321608040201
2055,5484,8192,1.312610158628425
2056,5485,8192,0.9660377358490566
2057,5486,8192,1.0364372469635628
2058,5487,8192,1.1531531531531531
2059,5488,8192,1.3333333333333333
2060,5489,8192,1.3128205128205128
2061,5490,8192,1.3333333333333333
2062,5491,8192,1.1179039301310043
2063,5492,8192,1.3264248704663213
2064,5493,8192,1.2018779342723005
2065,5494,8192,1.0448979591836736
2066,5495,8192,1.0406504065040652
2067,5496,8192,1.103448275862069
2068,5497,8192,1.0491803278688525
2069,5498,8192,1.299492385786802
2070,5499,8192,1.3264248704663213
2071,5500,8192,1.3198002255517964
2072,5501,8192,1.3128205128205128
2073,5502,8192,1.0578512396694215
2074,5503,8192,1.3333333333333333
2075,5504,8192,1.3128205128205128
2076,5505,8192,1.3264248704663213
2077,5506,8192,1.3264248704663213
2078,5507,8192,1.3195876288659794
2079,5512,8192,1.2132701421800949
2080,5513,8192,1.2798000312451179
2081,5514,8192,1.3333333333333333
2082,5515,8192,1.3264248704663213
2083,5516,8192,1.3264248704663213
2084,5517,8192,1.3195876288659794
2085,5518,8192,1.3195876288659794
2086,5519,8192,1.3128205128205128
2087,5520,8192,0.8619528619528619
2088,5521,8192,1.062240663900415
2089,5522,8192,1.3061224489795917
2090,5523,8192,1.3061224489795917
2091,5524,8192,1.326210134369435
2092,5525,8192,1.3195876288659794
2093,5527,8192,1.0364372469635628
2094,5528,8192,1.2992862807295797
2095,5529,8192,1.2673267326732673
2096,5530,8192,1.2671307037896364
2097,5531,8192,1.3061224489795917
2098,5532,8192,1.3333333333333333
2099,5533,8192,1.1478212133949839
2100,5534,8192,1.299492385786802
2101,5535,8192,1.2132701421800949
2102,5536,8192,1.3333333333333333
2103,5537,8192,1.1228070175438596
2104,5538,8192,1.2427184466019416
2105,5539,8192,0.9696969696969697
2106,5544,8192,1.3063307287513952
2107,5545,8192,1.2927252643206564
2108,5546,8192,1.2427184466019416
2109,5547,8192,1.3264248704663213
2110,5548,8192,1.3195876288659794
2111,5549,8192,1.3264248704663213
2112,5550,8192,1.3128205128205128
2113,5551,8192,1.3059142356129443
2114,5552,8192,1.1082251082251082
2115,5553,8192,1.003921568627451
2116,5554,8192,1.299492385786802
2117,5555,8192,0.9696969696969697
2118,5556,8192,1.3333333333333333
2119,5557,8192,1.3195876288659794
2120,5558,8192,1.3128205128205128
2121,5559,8192,0.9885362616145771
2122,5560,8192,1.3264248704663213
2123,5561,8192,1.3333333333333333
2124,5562,8192,1.2305843473035902
2125,5563,8192,1.292929292929293
2126,5564,8192,1.3128205128205128
2127,5565,8192,1.147982062780269
2128,5566,8192,1.3264248704663213
2129,5567,8192,1.2248803827751196
2130,5569,8192,0.807570977917981
2131,5570,8192,1.3128205128205128
2132,5571,8192,1.2610837438423645
2133,5576,8192,1.3264248704663213
2134,5577,8192,1.3333333333333333
2135,5578,8192,1.3128205128205128
2136,5579,8192,1.1130434782608696
2137,5580,8192,1.3264248704663213
2138,5581,8192,1.3195876288659794
2139,5582,8192,1.2864321608040201
2140,5583,8192,1.3264248704663213
2141,5584,8192,1.6842105263157894
2142,5585,8192,0.8888888888888888
2143,5586,8192,1.3195876288659794
2144,5587,8192,1.3264248704663213
2145,5588,8192,1.3063307287513952
2146,5589,8192,1.2864321608040201
2147,5591,8192,0.9411764705882353
2148,5592,8192,1.3128205128205128
2149,5593,8192,1.3264248704663213
2150,5594,8192,1.3264248704663213
2151,5595,8192,0.9922480620155039
2152,5596,8192,1.1689497716894977
2153,5597,8192,1.3403141361256545
2154,5598,8192,1.3128205128205128
2155,5599,8192,1.326210134369435
2156,5600,8192,1.3193751006603318
2157,5601,8192,1.1228070175438596
2158,5602,8192,1.3195876288659794
2159,5603,8192,1.3333333333333333
2160,5608,8192,1.376112884260037
2161,5609,8192,1.1689497716894977
2162,5610,8192,0.9240834743372814
2163,5611,8192,0.9961089494163424
2164,5612,8192,1.3195876288659794
2165,5613,8192,1.1906976744186046
2166,5614,8192,1.3059142356129443
2167,5615,8192,1.3195876288659794
2168,5616,8192,1.3264248704663213
2169,5617,8192,1.326210134369435
2170,5618,8192,1.2017016282822355
2171,5619,8192,1.299492385786802
2172,5620,8192,1.3193751006603318
2173,5621,8192,1.3195876288659794
2174,5622,8192,1.3331163547599674
2175,5623,8192,1.2798000312451179
2176,5624,8192,1.3128205128205128
2177,5625,8192,1.3195876288659794
2178,5626,8192,1.3193751006603318
2179,5627,8192,0.8231511254019293
2180,5628,8192,1.3333333333333333
2181,5629,8192,1.292929292929293
2182,5631,8192,1.3264248704663213
2183,5632,8192,1.3264248704663213
2184,5633,8192,1.326210134369435
2185,5634,8192,1.3061224489795917
2186,5635,8192,1.2132701421800949
2187,5636,8192,0.7852760736196319
2188,5637,8192,1.3195876288659794
2189,5638,8192,1.292929292929293
2190,5639,8192,1.3264248704663213
2191,5640,8192,1.3333333333333333
2192,5641,8192,1.3193751006603318
2193,5642,8192,1.3128205128205128
2194,5643,8192,1.3331163547599674
2195,5644,8192,1.3333333333333333
2196,5645,8192,1.0711297071129706
2197,5646,8192,1.3128205128205128
2198,5647,8192,1.3403141361256545
2199,5652,8192,1.2864321608040201
2200,5653,8192,1.248780487804878
2201,5654,8192,1.3264248704663213
2202,5655,8192,1.3195876288659794
2203,5656,8192,1.3059142356129443
2204,5657,8192,1.3264248704663213
2205,5658,8192,1.3128205128205128
2206,5659,8192,1.292929292929293
2207,5660,8192,1.3333333333333333
2208,5661,8192,1.3264248704663213
2209,5662,8192,1.292929292929293
2210,5663,8192,1.3193751006603318
2211,5664,8192,1.1377777777777778
2212,5665,8192,0.8338762214983714
2213,5666,8192,1.3128205128205128
2214,5667,8192,1.3128205128205128
2215,5668,8192,1.292929292929293
2216,5669,8192,1.3128205128205128
2217,5670,8192,1.3128205128205128
2218,5671,8192,1.3128205128205128
2219,5672,8192,1.3403141361256545
2220,5673,8192,1.2610837438423645
2221,5674,8192,1.3128205128205128
2222,5675,8192,1.3198002255517964
2223,5676,8192,1.3128205128205128
2224,5677,8192,1.3333333333333333
2225,5678,8192,1.248780487804878
2226,5679,8192,1.2736318407960199
2227,5684,8192,1.3195876288659794
2228,5685,8192,0.8311688311688312
2229,5686,8192,1.292929292929293
2230,5687,8192,1.2307692307692308
2231,5688,8192,1.299492385786802
2232,5689,8192,1.1277533039647578
2233,5690,8192,1.3333333333333333
2234,5691,8192,1.2864321608040201
2235,5692,8192,1.3195876288659794
2236,5693,8192,1.326210134369435
2237,5694,8192,1.3264248704663213
2238,5695,8192,1.2673267326732673
2239,5696,8192,1.4219753515014755
2240,5697,8192,1.3061224489795917
2241,5698,8192,1.3333333333333333
2242,5699,8192,1.3264248704663213
2243,5700,8192,1.3266396761133603
2244,5701,8192,1.3195876288659794
2245,5702,8192,1.3195876288659794
2246,5703,8192,1.3128205128205128
2247,5704,8192,1.3195876288659794
2248,5705,8192,1.3333333333333333
2249,5706,8192,1.3195876288659794
2250,5707,8192,1.3264248704663213
2251,5708,8192,1.1689497716894977
2252,5709,8192,1.3264248704663213
2253,5710,8192,1.3264248704663213
2254,5711,8192,1.3128205128205128
2255,5716,8192,1.3128205128205128
2256,5717,8192,1.3193751006603318
2257,5718,8192,1.3333333333333333
2258,5719,8192,1.299492385786802
2259,5720,8192,1.0448979591836736
2260,5721,8192,1.3403141361256545
2261,5722,8192,1.3128205128205128
2262,5723,8192,1.3061224489795917
2263,5724,8192,1.3264248704663213
2264,5725,8192,1.3198002255517964
2265,5726,8192,1.3128205128205128
2266,5727,8192,1.2864321608040201
2267,5728,8192,1.1906976744186046
2268,5729,8192,0.944540528075637
2269,5730,8192,1.3128205128205128
2270,5731,8192,1.2864321608040201
2271,5732,8192,1.3061224489795917
2272,5733,8192,1.3264248704663213
2273,5734,8192,1.299492385786802
2274,5735,8192,1.3195876288659794
2275,5736,8192,1.3195876288659794
2276,5737,8192,1.3195876288659794
2277,5738,8192,1.3333333333333333
2278,5739,8192,1.299492385786802
2279,5740,8192,1.3264248704663213
2280,5741,8192,1.2018779342723005
2281,5742,8192,1.3333333333333333
2282,5743,8192,1.3333333333333333
2283,5748,8192,1.3061224489795917
2284,5749,8192,1.3195876288659794
2285,5750,8192,1.3333333333333333
2286,5751,8192,1.3333333333333333
2287,5753,8192,1.3128205128205128
2288,5754,8192,0.7485380116959064
2289,5755,8192,1.3195876288659794
2290,5756,8192,1.2864321608040201
2291,5757,8192,1.3264248704663213
2292,5758,8192,1.3264248704663213
2293,5759,8192,1.3403141361256545
2294,5760,8192,1.2132701421800949
2295,5761,8192,1.3128205128205128
2296,5762,8192,1.3195876288659794
2297,5763,8192,1.3333333333333333
2298,5764,8192,1.3264248704663213
2299,5765,8192,1.3264248704663213
2300,5766,8192,1.326210134369435
2301,5767,8192,1.3195876288659794
2302,5768,8192,1.3264248704663213
2303,5769,8192,1.3333333333333333
2304,5771,8192,0.839344262295082
2305,5772,8192,1.3264248704663213
2306,5773,8192,1.312610158628425
2307,5774,8192,1.3128205128205128
2308,5775,8192,1.3264248704663213
2309,5780,8192,1.3195876288659794
2310,5781,8192,1.3128205128205128
2311,5782,8192,1.3264248704663213
2312,5783,8192,1.3264248704663213
2313,5784,8192,1.2864321608040201
2314,5785,8192,1.391304347826087
2315,5786,8192,1.3128205128205128
2316,5787,8192,1.3264248704663213
2317,5788,8192,1.3128205128205128
2318,5789,8192,0.8561872909698997
2319,5790,8192,1.299492385786802
2320,5791,8192,1.2075471698113207
2321,5792,8192,1.3128205128205128
2322,5793,8192,1.3195876288659794
2323,5794,8192,1.3128205128205128
2324,5795,8192,1.3264248704663213
2325,5796,8192,1.3061224489795917
2326,5797,8192,1.3689839572192513
2327,5798,8192,1.3128205128205128
2328,5799,8192,1.3195876288659794
2329,5800,8192,1.3195876288659794
2330,5801,8192,1.3128205128205128
2331,5802,8192,1.3198002255517964
2332,5803,8192,1.3333333333333333
2333,5804,8192,1.3264248704663213
2334,5805,8192,1.292929292929293
2335,5806,8192,1.292929292929293
2336,5807,8192,1.0491803278688525
2337,5812,8192,1.3061224489795917
2338,5813,8192,1.3193751006603318
2339,5814,8192,1.3333333333333333
2340,5815,8192,1.2188662401428358
2341,5816,8192,1.3195876288659794
2342,5817,8192,1.1226531451281347
2343,5818,8192,1.292929292929293
2344,5819,8192,1.3195876288659794
2345,5820,8192,1.312610158628425
2346,5821,8192,1.2248803827751196
2347,5822,8192,1.3333333333333333
2348,5823,8192,1.3264248704663213
2349,5824,8192,1.2075471698113207
2350,5825,8192,1.3195876288659794
2351,5826,8192,1.3195876288659794
2352,5827,8192,1.2864321608040201
2353,5828,8192,1.3128205128205128
2354,5829,8192,1.3264248704663213
2355,5830,8192,1.3128205128205128
2356,5831,8192,1.292929292929293
2357,5832,8192,1.2864321608040201
2358,5833,8192,1.3061224489795917
2359,5834,8192,1.1906976744186046
2360,5835,8192,1.3128205128205128
2361,5836,8192,1.3128205128205128
2362,5837,8192,1.1428571428571428
2363,5838,8192,1.3193751006603318
2364,5839,8192,1.3061224489795917
2365,5844,8192,1.3128205128205128
2366,5845,8192,1.3128205128205128
2367,5846,8192,1.3195876288659794
2368,5847,8192,1.3264248704663213
2369,5848,8192,1.3195876288659794
2370,5849,8192,1.0666666666666667
2371,5850,8192,1.3061224489795917
2372,5851,8192,1.1327433628318584
2373,5852,8192,0.8448844884488449
2374,5853,8192,1.3333333333333333
2375,5854,8192,1.3128205128205128
2376,5855,8192,1.3405334642448044
2377,5856,8192,1.3264248704663213
2378,5857,8192,1.312610158628425
2379,5858,8192,1.3195876288659794
2380,5859,8192,1.3128205128205128
2381,5860,8192,1.3264248704663213
2382,5861,8192,1.28
2383,5862,8192,1.3061224489795917
2384,5863,8192,1.2075471698113207
2385,5864,8192,0.8
2386,5865,8192,1.3333333333333333
2387,5866,8192,1.3195876288659794
2388,5867,8192,0.7710843373493976
2389,5868,8192,1.3195876288659794
2390,5869,8192,1.1851851851851851
2391,5870,8192,1.3128205128205128
2392,5871,8192,1.3128205128205128
2393,5876,8192,1.3264248704663213
2394,5877,8192,1.3264248704663213
2395,5878,8192,1.3195876288659794
2396,5879,8192,1.158371040723982
2397,5880,8192,0.8231511254019293
2398,5881,8192,1.3333333333333333
2399,5882,8192,1.3264248704663213
2400,5883,8192,1.2864321608040201
2401,5884,8192,1.3128205128205128
2402,5885,8192,1.2864321608040201
2403,5886,8192,1.3195876288659794
2404,5887,8192,1.3195876288659794
2405,5888,8192,1.4143646408839778
2406,5889,8192,1.3333333333333333
2407,5890,8192,1.3264248704663213
2408,5891,8192,0.8284789644012945
2409,5892,8192,1.3264248704663213
2410,5893,8192,0.764179104477612
2411,5894,8192,0.9446494464944649
2412,5895,8192,1.3195876288659794
2413,5896,8192,1.3333333333333333
2414,5897,8192,1.3128205128205128
2415,5898,8192,1.3763440860215055
2416,5899,8192,1.3264248704663213
2417,5900,8192,1.299492385786802
2418,5901,8192,1.3264248704663213
2419,5902,8192,1.292929292929293
2420,5903,8192,0.8
2421,5908,8192,1.3195876288659794
2422,5909,8192,1.299492385786802
2423,5911,8192,1.3333333333333333
2424,5913,8192,1.3264248704663213
2425,5914,8192,1.3403141361256545
2426,5915,8192,1.3128205128205128
2427,5916,8192,1.3061224489795917
2428,5917,8192,0.8338762214983714
2429,5919,8192,1.3617021276595744
2430,5921,8192,0.797430156721503
2431,5922,8192,1.3264248704663213
2432,5923,8192,0.927536231884058
2433,5924,8192,1.3061224489795917
2434,5925,8192,1.326210134369435
2435,5926,8192,1.3195876288659794
2436,5927,8192,1.3128205128205128
2437,5929,8192,1.3195876288659794
2438,5930,8192,1.3264248704663213
2439,5931,8192,1.3128205128205128
2440,5932,8192,1.3195876288659794
2441,5933,8192,1.3061224489795917
2442,5934,8192,1.3061224489795917
2443,5935,8192,1.3195876288659794
2444,5940,8192,1.3193751006603318
2445,5941,8192,0.9732683854104788
2446,5942,8192,0.8504983388704319
2447,5943,8192,1.3195876288659794
2448,5944,8192,1.3128205128205128
2449,5945,8192,1.299492385786802
2450,5946,8192,1.3264248704663213
2451,5947,8192,1.3195876288659794
2452,5948,8192,1.3195876288659794
2453,5949,8192,1.3061224489795917
2454,5950,8192,1.3061224489795917
2455,5951,8192,1.1689497716894977
2456,5952,8192,1.3128205128205128
2457,5953,8192,1.3264248704663213
2458,5954,8192,1.326210134369435
2459,5955,8192,1.3195876288659794
2460,5956,8192,1.3128205128205128
2461,5957,8192,1.3195876288659794
2462,5959,8192,0.7925696594427245
2463,5961,8192,1.3128205128205128
2464,5962,8192,1.3193751006603318
2465,5963,8192,1.2132701421800949
2466,5964,8192,1.3264248704663213
2467,5965,8192,1.3333333333333333
2468,5967,8192,1.3195876288659794
2469,5972,8192,1.3059142356129443
2470,5973,8192,1.3128205128205128
2471,5974,8192,1.3264248704663213
2472,5975,8192,1.3195876288659794
2473,5976,8192,1.3333333333333333
2474,5977,8192,0.847682119205298
2475,5978,8192,1.3264248704663213
2476,5979,8192,1.292929292929293
2477,5980,8192,1.3266396761133603
2478,5981,8192,1.3333333333333333
2479,5983,8192,0.9481481481481482
2480,5984,8192,1.299492385786802
2481,5985,8192,1.3195876288659794
2482,5987,8192,1.326210134369435
2483,5988,8192,1.3195876288659794
2484,5989,8192,1.2864321608040201
2485,5990,8192,1.3403141361256545
2486,5991,8192,1.3333333333333333
2487,5993,8192,1.3195876288659794
2488,5994,8192,1.3128205128205128
2489,5995,8192,1.2190476190476192
2490,5996,8192,1.3128205128205128
2491,5997,8192,1.3195876288659794
2492,5998,8192,1.326210134369435
2493,5999,8192,1.3198002255517964
2494,6004,8192,1.3128205128205128
2495,6005,8192,1.3061224489795917
2496,6006,8192,1.3264248704663213
2497,6007,8192,1.3264248704663213
2498,6008,8192,1.3195876288659794
2499,6009,8192,1.299492385786802
2500,6010,8192,1.3333333333333333
2501,6011,8192,1.3128205128205128
2502,6012,8192,0.8231511254019293
2503,6013,8192,1.326210134369435
2504,6014,8192,1.3128205128205128
2505,6015,8192,1.3128205128205128
2506,6016,8192,0.8647735669798374
2507,6017,8192,1.2864321608040201
2508,6018,8192,1.3061224489795917
2509,6019,8192,1.299492385786802
2510,6020,8192,1.3333333333333333
2511,6021,8192,1.3195876288659794
2512,6023,8192,1.3061224489795917
2513,6025,8192,1.3195876288659794
2514,6026,8192,1.3128205128205128
2515,6027,8192,1.3195876288659794
2516,6028,8192,1.3195876288659794
2517,6029,8192,0.8766185125735687
2518,6030,8192,1.3128205128205128
2519,6036,8192,1.3195876288659794
2520,6037,8192,1.3195876288659794
2521,6038,8192,1.3195876288659794
2522,6039,8192,1.3989071038251366
2523,6040,8192,1.3333333333333333
2524,6041,8192,0.9207598066764078
2525,6042,8192,1.2075471698113207
2526,6043,8192,0.9343065693430657
2527,6044,8192,1.3264248704663213
2528,6045,8192,1.299492385786802
2529,6046,8192,1.3128205128205128
2530,6047,8192,1.2736318407960199
2531,6049,8192,1.3264248704663213
2532,6050,8192,1.3128205128205128
2533,6051,8192,1.103448275862069
2534,6052,8192,1.3264248704663213
2535,6053,8192,1.3264248704663213
2536,6054,8192,1.3331163547599674
2537,6055,8192,1.3061224489795917
2538,6056,8192,1.3195876288659794
2539,6057,8192,1.3195876288659794
2540,6058,8192,1.3264248704663213
2541,6059,8192,0.8737201365187713
2542,6060,8192,1.2549019607843137
2543,6061,8192,1.3264248704663213
2544,6062,8192,0.8126984126984127
2545,6063,8192,1.3128205128205128
2546,6068,8192,1.3264248704663213
2547,6069,8192,1.3264248704663213
2548,6071,8192,1.3264248704663213
2549,6072,8192,1.292929292929293
2550,6073,8192,1.292929292929293
2551,6074,8192,1.3198002255517964
2552,6075,8192,1.3128205128205128
2553,6076,8192,1.3195876288659794
2554,6077,8192,1.3195876288659794
2555,6079,8192,1.3333333333333333
2556,6080,8192,1.3128205128205128
2557,6081,8192,1.0578512396694215
2558,6082,8192,1.299492385786802
2559,6083,8192,1.2864321608040201
2560,6084,8192,1.3195876288659794
2561,6085,8192,1.3333333333333333
2562,6086,8192,1.3195876288659794
2563,6087,8192,1.3264248704663213
2564,6088,8192,1.3264248704663213
2565,6089,8192,0.8311688311688312
2566,6090,8192,1.0364372469635628
2567,6091,8192,1.3195876288659794
2568,6092,8192,1.3333333333333333
2569,6093,8192,1.3195876288659794
2570,6094,8192,1.3264248704663213
2571,6095,8192,1.3333333333333333
2572,6100,8192,1.326210134369435
2573,6101,8192,1.3193751006603318
2574,6102,8192,1.3264248704663213
2575,6103,8192,1.3061224489795917
2576,6104,8192,1.2864321608040201
2577,6105,8192,1.3544973544973544
2578,6106,8192,1.3061224489795917
2579,6107,8192,1.2992862807295797
2580,6108,8192,1.3195876288659794
2581,6109,8192,1.3195876288659794
2582,6110,8192,1.3193751006603318
2583,6111,8192,1.28
2584,6112,8192,1.3128205128205128
2585,6113,8192,1.3264248704663213
2586,6114,8192,1.3128205128205128
2587,6115,8192,1.292929292929293
2588,6116,8192,1.3198002255517964
2589,6117,8192,0.9998779445868424
2590,6118,8192,1.3195876288659794
2591,6119,8192,1.3128205128205128
2592,6120,8192,1.3128205128205128
2593,6121,8192,1.3333333333333333
2594,6122,8192,1.3333333333333333
2595,6123,8192,1.3195876288659794
2596,8180,8192,0.8025078369905956
2597,8181,8192,1.3128205128205128
2598,8182,8192,1.3061224489795917
2599,8183,8192,1.3128205128205128
2600,8184,8192,1.2864321608040201
2601,8185,8192,0.7925696594427245
2602,8186,8192,1.292929292929293
2603,8187,8192,1.3264248704663213
2604,8188,8192,1.3059142356129443
2605,8189,8192,1.0893617021276596
2606,8190,8192,1.0940170940170941
2607,8191,8192,0.8767123287671232
2608,8192,8192,1.3128205128205128
2609,8193,8192,1.3264248704663213
2610,8194,8192,1.28
2611,8195,8192,1.3128205128205128
2612,8196,8192,1.1741436147341264
2613,8197,8192,1.1906976744186046
2614,8198,8192,1.1228070175438596
2615,8199,8192,1.2673267326732673
2616,8200,8192,1.3128205128205128
2617,8201,8192,1.3617021276595744
2618,8202,8192,1.3400948797644365
2619,8203,8192,1.3128205128205128
2620,8204,8192,1.1851851851851851
2621,8205,8192,1.3264248704663213
2622,8210,8192,1.3195876288659794
2623,8211,8192,1.3128205128205128
2624,8212,8192,1.3264248704663213
2625,8213,8192,1.3264248704663213
2626,8214,8192,1.3264248704663213
2627,8215,8192,1.292929292929293
2628,8217,8192,1.3266396761133603
2629,8218,8192,1.326210134369435
2630,8219,8192,1.3264248704663213
2631,8220,8192,1.3128205128205128
2632,8221,8192,1.3264248704663213
2633,8222,8192,1.3195876288659794
2634,8223,8192,1.3195876288659794
2635,8224,8192,1.299492385786802
2636,8225,8192,1.1906976744186046
2637,8226,8192,1.3264248704663213
2638,8227,8192,1.3333333333333333
2639,8228,8192,1.3128205128205128
2640,8229,8192,1.3264248704663213
2641,8230,8192,1.3333333333333333
2642,8231,8192,1.3264248704663213
2643,8232,8192,1.3059142356129443
2644,8233,8192,1.3264248704663213
2645,8234,8192,1.3266396761133603
2646,8235,8192,1.3333333333333333
2647,8236,8192,1.3128205128205128
2648,8237,8192,1.1689497716894977
2649,8242,8192,1.3195876288659794
2650,8243,8192,1.3061224489795917
2651,8244,8192,1.3128205128205128
2652,8245,8192,1.3061224489795917
2653,8246,8192,1.3195876288659794
2654,8247,8192,1.3128205128205128
2655,8248,8192,1.326210134369435
2656,8249,8192,0.8648648648648649
2657,8250,8192,1.3128205128205128
2658,8251,8192,0.9411764705882353
2659,8252,8192,1.3331163547599674
2660,8253,8192,1.3061224489795917
2661,8254,8192,1.3264248704663213
2662,8255,8192,1.3195876288659794
2663,8256,8192,0.9961089494163424
2664,8257,8192,0.6580976863753213
2665,8258,8192,1.3264248704663213
2666,8259,8192,1.1851851851851851
2667,8260,8192,1.3264248704663213
2668,8261,8192,1.1179039301310043
2669,8262,8192,1.3128205128205128
2670,8263,8192,1.3333333333333333
2671,8264,8192,1.3128205128205128
2672,8265,8192,0.9844970556423507
2673,8266,8192,1.3128205128205128
2674,8267,8192,1.3195876288659794
2675,8269,8192,1.3128205128205128
2676,8274,8192,1.299492385786802
2677,8275,8192,1.3128205128205128
2678,8276,8192,1.3333333333333333
2679,8277,8192,1.3403141361256545
2680,8278,8192,1.3333333333333333
2681,8279,8192,1.3266396761133603
2682,8280,8192,1.3264248704663213
2683,8281,8192,1.3193751006603318
2684,8282,8192,1.1275980729525121
2685,8283,8192,1.2132701421800949
2686,8284,8192,1.312610158628425
2687,8285,8192,1.3128205128205128
2688,8286,8192,1.3333333333333333
2689,8287,8192,1.3333333333333333
2690,8288,8192,1.3128205128205128
2691,8289,8192,1.292929292929293
2692,8291,8192,1.3333333333333333
2693,8292,8192,1.1743119266055047
2694,8293,8192,0.8647735669798374
2695,8294,8192,1.3195876288659794
2696,8295,8192,1.0711297071129706
2697,8296,8192,1.3195876288659794
2698,8297,8192,1.3063307287513952
2699,8298,8192,1.299492385786802
2700,8299,8192,1.3333333333333333
2701,8301,8192,0.7663953597155955
2702,8306,8192,1.3128205128205128
2703,8307,8192,1.3195876288659794
2704,8308,8192,1.3333333333333333
2705,8309,8192,1.3195876288659794
2706,8310,8192,1.3403141361256545
2707,8311,8192,1.3195876288659794
2708,8312,8192,1.3264248704663213
2709,8313,8192,1.2862301774218872
2710,8314,8192,1.3128205128205128
2711,8315,8192,1.3333333333333333
2712,8316,8192,1.3333333333333333
2713,8317,8192,0.8648648648648649
2714,8318,8192,0.7734138972809668
2715,8319,8192,1
2716,8320,8192,1.3128205128205128
2717,8321,8192,1.185013742224794
2718,8322,8192,1.3195876288659794
2719,8323,8192,1.3195876288659794
2720,8324,8192,1.312610158628425
2721,8325,8192,1.326210134369435
2722,8326,8192,1.3128205128205128
2723,8327,8192,1.3264248704663213
2724,8328,8192,1.3264248704663213
2725,8329,8192,1.28
2726,8330,8192,1.3193751006603318
2727,8331,8192,1.3403141361256545
2728,8332,8192,1.299492385786802
2729,8333,8192,0.9624060150375939
2730,8338,8192,1.3128205128205128
2731,8339,8192,1.2992862807295797
2732,8341,8192,1.2862301774218872
2733,8342,8192,1.299492385786802
2734,8343,8192,1.3264248704663213
2735,8344,8192,1.3195876288659794
2736,8345,8192,1.2673267326732673
2737,8346,8192,1.1906976744186046
2738,8347,8192,1.066527795859914
2739,8348,8192,1.3059142356129443
2740,8349,8192,1.3195876288659794
2741,8350,8192,1.3061224489795917
2742,8351,8192,1.3195876288659794
2743,8352,8192,1.3061224489795917
2744,8353,8192,1.3195876288659794
2745,8354,8192,1.2673267326732673
2746,8355,8192,1.158371040723982
2747,8356,8192,1.3195876288659794
2748,8357,8192,1.0847457627118644
2749,8358,8192,1.3195876288659794
2750,8359,8192,1.3264248704663213
2751,8360,8192,1.3195876288659794
2752,8361,8192,1.3264248704663213
2753,8362,8192,1.3128205128205128
2754,8363,8192,1.103448275862069
2755,8364,8192,1.3195876288659794
2756,8365,8192,1.1179039301310043
2757,8371,8192,1.3128205128205128
2758,8372,8192,0.7664670658682635
2759,8373,8192,1.292929292929293
2760,8374,8192,1.1962616822429906
2761,8375,8192,1.2610837438423645
2762,8376,8192,1.3128205128205128
2763,8377,8192,1.2307692307692308
2764,8378,8192,1.292929292929293
2765,8379,8192,1.3128205128205128
2766,8380,8192,0.920863309352518
2767,8381,8192,0.7551622418879056
2768,8382,8192,1.3128205128205128
2769,8383,8192,0.9309090909090909
2770,8384,8192,1.3061224489795917
2771,8385,8192,1.2549019607843137
2772,8386,8192,1.3061224489795917
2773,8387,8192,1.112892270072001
2774,8388,8192,1.3264248704663213
2775,8389,8192,0.7619047619047619
2776,8391,8192,1.326210134369435
2777,8392,8192,0.9309090909090909
2778,8393,8192,1.3195876288659794
2779,8394,8192,1.3128205128205128
2780,8395,8192,1.3195876288659794
2781,8396,8192,1.3059142356129443
2782,8397,8192,1.3264248704663213
2783,8402,8192,1.3128205128205128
2784,8403,8192,1.3195876288659794
2785,8404,8192,1.3195876288659794
2786,8405,8192,1.3264248704663213
2787,8406,8192,1.3128205128205128
2788,8407,8192,1.3128205128205128
2789,8408,8192,1.3264248704663213
2790,8409,8192,1.2307692307692308
2791,8410,8192,1.2864321608040201
2792,8411,8192,0.89198606271777
2793,8412,8192,1.299492385786802
2794,8413,8192,1.2130904783059382
2795,8414,8192,1.3264248704663213
2796,8415,8192,1.3195876288659794
2797,8416,8192,1.3128205128205128
2798,8417,8192,1.2992862807295797
2799,8418,8192,0.9110320284697508
2800,8419,8192,1.3195876288659794
2801,8420,8192,1.299492385786802
2802,8421,8192,1.0448979591836736
2803,8422,8192,1.3128205128205128
2804,8423,8192,1.4065934065934067
2805,8424,8192,1.3128205128205128
2806,8425,8192,1.3195876288659794
2807,8426,8192,1.2992862807295797
2808,8427,8192,1.2610837438423645
2809,8428,8192,1.3128205128205128
2810,8429,8192,1.1531531531531531
2811,8434,8192,1.3264248704663213
2812,8435,8192,0.7757575757575758
2813,8436,8192,1.0666666666666667
2814,8437,8192,1.3195876288659794
2815,8438,8192,1.3264248704663213
2816,8439,8192,1.1377777777777778
2817,8440,8192,1.3195876288659794
2818,8441,8192,1.1636363636363636
2819,8442,8192,1.1906976744186046
2820,8443,8192,1.3059142356129443
2821,8444,8192,1.3333333333333333
2822,8445,8192,1.0987124463519313
2823,8446,8192,1.1082251082251082
2824,8447,8192,1.3333333333333333
2825,8448,8192,1.3264248704663213
2826,8449,8192,1.3333333333333333
2827,8450,8192,1.1689497716894977
2828,8451,8192,1.032258064516129
2829,8452,8192,0.9696969696969697
2830,8453,8192,1.147982062780269
2831,8454,8192,1.299492385786802
2832,8455,8192,1.3195876288659794
2833,8456,8192,1.3544973544973544
2834,8457,8192,1.0281124497991967
2835,8458,8192,0.797430156721503
2836,8459,8192,1.3264248704663213
2837,8460,8192,1.3264248704663213
2838,8461,8192,1.2673267326732673
2839,8466,8192,1.3195876288659794
2840,8467,8192,1.3061224489795917
2841,8468,8192,1.3264248704663213
2842,8469,8192,1.3333333333333333
2843,8470,8192,1.3195876288659794
2844,8471,8192,1.3264248704663213
2845,8472,8192,1.3195876288659794
2846,8473,8192,1.3061224489795917
2847,8474,8192,1.3195876288659794
2848,8475,8192,1.3264248704663213
2849,8476,8192,1.3264248704663213
2850,8477,8192,1.3403141361256545
2851,8478,8192,1.3128205128205128
2852,8479,8192,1.1582072670719639
2853,8480,8192,1.3195876288659794
2854,8481,8192,1.3198002255517964
2855,8482,8192,1.3128205128205128
2856,8483,8192,1.3333333333333333
2857,8484,8192,1.3195876288659794
2858,8485,8192,0.7710843373493976
2859,8486,8192,1.3195876288659794
2860,8487,8192,0.7377521613832853
2861,8488,8192,1.3195876288659794
2862,8489,8192,1.3193751006603318
2863,8490,8192,1.3128205128205128
2864,8491,8192,1.1851851851851851
2865,8492,8192,1.3195876288659794
2866,8493,8192,1.3128205128205128
2867,8498,8192,1.3333333333333333
2868,8499,8192,1.292929292929293
2869,8500,8192,1.1853566777600926
2870,8501,8192,1.1962616822429906
2871,8502,8192,1.3128205128205128
2872,8503,8192,0.8311688311688312
2873,8504,8192,1.3059142356129443
2874,8505,8192,1.299492385786802
2875,8506,8192,1.3195876288659794
2876,8507,8192,1.3059142356129443
2877,8508,8192,1.3195876288659794
2878,8509,8192,1.2610837438423645
2879,8510,8192,1.2864321608040201
2880,8511,8192,1.2736318407960199
2881,8512,8192,1.326210134369435
2882,8513,8192,1.3061224489795917
2883,8514,8192,1.147982062780269
2884,8515,8192,1.3333333333333333
2885,8516,8192,1.3264248704663213
2886,8517,8192,1.0078740157480315
2887,8518,8192,1.292929292929293
2888,8519,8192,1.1228070175438596
2889,8520,8192,1.326210134369435
2890,8521,8192,1.3061224489795917
2891,8522,8192,1.299492385786802
2892,8523,8192,1.1327433628318584
2893,8524,8192,1.3264248704663213
2894,8525,8192,1.3061224489795917
2895,8530,8192,1.3128205128205128
2896,8531,8192,1.0987124463519313
2897,8532,8192,1.3333333333333333
2898,8533,8192,1.2610837438423645
2899,8534,8192,1.3195876288659794
2900,8535,8192,1.0448979591836736
2901,8536,8192,1.3333333333333333
2902,8537,8192,1.3128205128205128
2903,8538,8192,1.3195876288659794
2904,8539,8192,0.9922480620155039
2905,8540,8192,0.810126582278481
2906,8541,8192,1.248780487804878
2907,8542,8192,0.8706557551280689
2908,8543,8192,1.1179039301310043
2909,8544,8192,1.2864321608040201
2910,8545,8192,1.3128205128205128
2911,8546,8192,1.299492385786802
2912,8547,8192,1.1743119266055047
2913,8548,8192,1.3264248704663213
2914,8549,8192,1.3195876288659794
2915,8550,8192,1.3264248704663213
2916,8551,8192,1.2132701421800949
2917,8552,8192,1.2864321608040201
2918,8553,8192,1.0158730158730158
2919,8554,8192,1.3195876288659794
2920,8555,8192,1.147982062780269
2921,8556,8192,1.3195876288659794
2922,8557,8192,1.0406504065040652
2923,8562,8192,1.3061224489795917
2924,8563,8192,1.3128205128205128
2925,8564,8192,1.3195876288659794
2926,8565,8192,1.3264248704663213
2927,8566,8192,1.3195876288659794
2928,8567,8192,1.3128205128205128
2929,8568,8192,0.7596439169139466
2930,8569,8192,1.3264248704663213
2931,8571,8192,1.326210134369435
2932,8572,8192,1.3195876288659794
2933,8573,8192,1.3195876288659794
2934,8574,8192,1.3264248704663213
2935,8575,8192,1.292929292929293
2936,8576,8192,1.1177513985536909
2937,8577,8192,1.2307692307692308
2938,8578,8192,1.3403141361256545
2939,8579,8192,1.3264248704663213
2940,8580,8192,1.2864321608040201
2941,8581,8192,1.0321280080635
2942,8582,8192,1.3195876288659794
2943,8583,8192,1.3195876288659794
2944,8584,8192,0.7529411764705882
2945,8585,8192,1.3128205128205128
2946,8586,8192,0.8887924487360312
2947,8587,8192,1.299492385786802
2948,8588,8192,0.8797250859106529
2949,8589,8192,1.326210134369435
2950,8594,8192,1.2864321608040201
2951,8595,8192,1.312610158628425
2952,8596,8192,1.3195876288659794
2953,8597,8192,1.0158730158730158
2954,8599,8192,1.3195876288659794
2955,8600,8192,1.3264248704663213
2956,8601,8192,1.2864321608040201
2957,8602,8192,1.3264248704663213
2958,8603,8192,1.3128205128205128
2959,8604,8192,1.3128205128205128
2960,8605,8192,1.0847457627118644
2961,8606,8192,1.3264248704663213
2962,8607,8192,1.3689839572192513
2963,8608,8192,1.3128205128205128
2964,8609,8192,1.3264248704663213
2965,8610,8192,1.3264248704663213
2966,8611,8192,1.292929292929293
2967,8612,8192,1.3264248704663213
2968,8613,8192,1.2132701421800949
2969,8614,8192,1.292929292929293
2970,8615,8192,1.3195876288659794
2971,8616,8192,0.89198606271777
2972,8617,8192,1.3128205128205128
2973,8619,8192,1.3195876288659794
2974,8620,8192,1.4301675977653632
2975,8621,8192,1.3195876288659794
2976,8626,8192,1.3333333333333333
2977,8627,8192,1.326210134369435
2978,8628,8192,1.3128205128205128
2979,8629,8192,1.3333333333333333
2980,8630,8192,1.3195876288659794
2981,8631,8192,1.3128205128205128
2982,8633,8192,1.3264248704663213
2983,8635,8192,0.8126984126984127
2984,8636,8192,1.3264248704663213
2985,8637,8192,1.3403141361256545
2986,8638,8192,0.8533333333333334
2987,8639,8192,1.3128205128205128
2988,8640,8192,1.3128205128205128
2989,8641,8192,1.3333333333333333
2990,8642,8192,1.3195876288659794
2991,8643,8192,1.3333333333333333
2992,8644,8192,1.3061224489795917
2993,8645,8192,1.3333333333333333
2994,8646,8192,1.3195876288659794
2995,8647,8192,1.292929292929293
2996,8648,8192,1.3128205128205128
2997,8649,8192,1.3333333333333333
2998,8650,8192,1.4301675977653632
2999,8651,8192,1.3061224489795917
3000,8652,8192,1.3333333333333333
3001,8653,8192,1.3128205128205128
3002,9180,8192,1.3061224489795917
3003,9181,8192,1.3264248704663213
